round,eq_q,eq_p,eq_surplus,actual_trades,actual_total_profit,market_efficiency,avg_price,abs_diff_price,abs_diff_quantity,role_strat_perf
0,50,0.504585352266267,24.966988169729152,49,24.855707646772466,0.9955428935921231,0.5405174284719423,0.03593207620567529,1,"{('buyer', 'random-buyer'): {'profit': 8.540271468730028, 'count': 4}, ('buyer', 'ppobuyer'): {'profit': 3.039474716425415, 'count': 1}, ('seller', 'random-seller'): {'profit': 13.275961461617023, 'count': 5}}"
1,50,0.49667177650032396,22.185816298200812,50,22.185816298200812,1.0,0.47534475016618477,0.021327026334139187,0,"{('buyer', 'random-buyer'): {'profit': 7.8523190274396075, 'count': 4}, ('buyer', 'ppobuyer'): {'profit': 3.6449536362518375, 'count': 1}, ('seller', 'random-seller'): {'profit': 10.688543634509369, 'count': 5}}"
2,50,0.4940324705990986,26.1356141342386,46,25.369898783578336,0.9707022246836301,0.5009965518618179,0.006964081262719302,4,"{('buyer', 'random-buyer'): {'profit': 9.688010215838007, 'count': 4}, ('buyer', 'ppobuyer'): {'profit': 2.477534702443056, 'count': 1}, ('seller', 'random-seller'): {'profit': 13.204353865297273, 'count': 5}}"
3,50,0.5003582927717714,25.576945434674112,49,25.499934764913895,0.9969890591526299,0.48596784540745,0.014390447364321324,1,"{('buyer', 'random-buyer'): {'profit': 9.241993731225953, 'count': 4}, ('buyer', 'ppobuyer'): {'profit': 3.3241513076142617, 'count': 1}, ('seller', 'random-seller'): {'profit': 12.933789726073678, 'count': 5}}"
4,50,0.5060122984315865,23.7773475555666,48,23.49317043876851,0.9880484096834611,0.5107118656234575,0.004699567191871035,2,"{('buyer', 'random-buyer'): {'profit': 8.846513503345031, 'count': 4}, ('buyer', 'ppobuyer'): {'profit': 2.513053476728146, 'count': 1}, ('seller', 'random-seller'): {'profit': 12.133603458695333, 'count': 5}}"
5,50,0.5066560131881721,26.07274451556632,48,25.913711330807224,0.9939004048973767,0.4489084131738683,0.05774760001430379,2,"{('buyer', 'random-buyer'): {'profit': 10.914326360695215, 'count': 4}, ('buyer', 'ppobuyer'): {'profit': 2.9222307074775813, 'count': 1}, ('seller', 'random-seller'): {'profit': 12.077154262634428, 'count': 5}}"
6,50,0.49774913219619554,23.54892439041327,47,23.24528976800929,0.987106221185729,0.46844363952386836,0.029305492672327182,3,"{('buyer', 'random-buyer'): {'profit': 9.407469434838884, 'count': 4}, ('buyer', 'ppobuyer'): {'profit': 2.7918012347009116, 'count': 1}, ('seller', 'random-seller'): {'profit': 11.046019098469493, 'count': 5}}"
7,50,0.4846564424639159,25.176030058081288,45,24.614129977946753,0.9776811483447458,0.48577361408976005,0.0011171716258441267,5,"{('buyer', 'random-buyer'): {'profit': 10.435405386819758, 'count': 4}, ('buyer', 'ppobuyer'): {'profit': 1.8576171294749102, 'count': 1}, ('seller', 'random-seller'): {'profit': 12.321107461652087, 'count': 5}}"
8,50,0.48214000874196883,24.883864239200317,49,24.66748610786248,0.9913044803147185,0.49620974325345907,0.01406973451149024,1,"{('buyer', 'random-buyer'): {'profit': 9.296196621134648, 'count': 4}, ('buyer', 'ppobuyer'): {'profit': 3.1578056640188525, 'count': 1}, ('seller', 'random-seller'): {'profit': 12.21348382270898, 'count': 5}}"
9,50,0.493589519613954,23.268547720598058,48,23.076287894612797,0.9917373517121111,0.4702882534853143,0.023301266128639697,2,"{('buyer', 'random-buyer'): {'profit': 8.716495382268743, 'count': 4}, ('buyer', 'ppobuyer'): {'profit': 2.7874976513307117, 'count': 1}, ('seller', 'random-seller'): {'profit': 11.572294861013342, 'count': 5}}"
10,50,0.49372920505528395,23.724468405704354,46,23.434904303890722,0.987794706424528,0.4829029355366207,0.010826269518663223,4,"{('buyer', 'random-buyer'): {'profit': 10.092405136672333, 'count': 4}, ('buyer', 'ppobuyer'): {'profit': 1.7969420939469674, 'count': 1}, ('seller', 'random-seller'): {'profit': 11.545557073271421, 'count': 5}}"
11,50,0.5015200479166846,25.62075699163578,48,25.381732752955482,0.9906706800755992,0.4876061209606663,0.013913926956018285,2,"{('buyer', 'random-buyer'): {'profit': 10.086801872037256, 'count': 4}, ('buyer', 'ppobuyer'): {'profit': 3.031978759259482, 'count': 1}, ('seller', 'random-seller'): {'profit': 12.262952121658744, 'count': 5}}"
12,50,0.49678566555589315,25.747225026460562,46,25.343610230821046,0.9843239496596344,0.45936645284068395,0.037419212715209205,4,"{('buyer', 'random-buyer'): {'profit': 10.300998429185894, 'count': 4}, ('buyer', 'ppobuyer'): {'profit': 2.825457469037356, 'count': 1}, ('seller', 'random-seller'): {'profit': 12.217154332597795, 'count': 5}}"
13,50,0.4986157553254209,26.14974916709498,47,25.943258124069423,0.9921035172572366,0.4900147850903017,0.008600970235119187,3,"{('buyer', 'random-buyer'): {'profit': 9.895526847685552, 'count': 4}, ('buyer', 'ppobuyer'): {'profit': 3.1972776418677293, 'count': 1}, ('seller', 'random-seller'): {'profit': 12.850453634516143, 'count': 5}}"
14,50,0.5008586206686173,25.417829276546176,47,25.132870238022633,0.98878900965841,0.49269481468006693,0.008163805988550377,3,"{('buyer', 'random-buyer'): {'profit': 10.40546778634048, 'count': 4}, ('buyer', 'ppobuyer'): {'profit': 2.587778442410389, 'count': 1}, ('seller', 'random-seller'): {'profit': 12.139624009271762, 'count': 5}}"
15,50,0.49996640370575907,24.337323644368478,47,23.779140324868116,0.9770647205232231,0.4545796915310667,0.04538671217469237,3,"{('buyer', 'random-buyer'): {'profit': 9.178544722014133, 'count': 4}, ('buyer', 'ppobuyer'): {'profit': 3.551184406758835, 'count': 1}, ('seller', 'random-seller'): {'profit': 11.049411196095148, 'count': 5}}"
16,50,0.5145201844354783,27.842933354664137,45,27.04539229412532,0.971355709889482,0.5048694397476882,0.009650744687790147,5,"{('buyer', 'random-buyer'): {'profit': 10.770294101005476, 'count': 4}, ('buyer', 'ppobuyer'): {'profit': 2.412330009297744, 'count': 1}, ('seller', 'random-seller'): {'profit': 13.862768183822102, 'count': 5}}"
17,50,0.49709653555905087,25.264200291152928,48,25.166501757055293,0.9961329259200083,0.4860210106767591,0.011075524882291743,2,"{('buyer', 'random-buyer'): {'profit': 9.788363183996207, 'count': 4}, ('buyer', 'ppobuyer'): {'profit': 3.289152597630406, 'count': 1}, ('seller', 'random-seller'): {'profit': 12.088985975428681, 'count': 5}}"
18,50,0.5044133214536219,27.93312614640165,47,27.560947841600537,0.9866760955128877,0.49911001955298534,0.005303301900636603,3,"{('buyer', 'random-buyer'): {'profit': 11.097759459912268, 'count': 4}, ('buyer', 'ppobuyer'): {'profit': 3.144851812758059, 'count': 1}, ('seller', 'random-seller'): {'profit': 13.31833656893021, 'count': 5}}"
19,50,0.5041278729264934,26.974917315507504,48,26.837437557341268,0.9949034224439606,0.5079077990848971,0.0037799261584037236,2,"{('buyer', 'random-buyer'): {'profit': 10.053485954376292, 'count': 4}, ('buyer', 'ppobuyer'): {'profit': 3.345199983207819, 'count': 1}, ('seller', 'random-seller'): {'profit': 13.438751619757154, 'count': 5}}"
20,50,0.49996218847731466,24.75070707952637,46,24.402980689402312,0.9859508502522056,0.49817063412141904,0.0017915543558956193,4,"{('buyer', 'random-buyer'): {'profit': 9.836965180112035, 'count': 4}, ('buyer', 'ppobuyer'): {'profit': 2.536340424879474, 'count': 1}, ('seller', 'random-seller'): {'profit': 12.029675084410806, 'count': 5}}"
21,50,0.5084495075675008,25.010721746354033,50,25.010721746354022,0.9999999999999996,0.4691896784010229,0.039259829166477966,0,"{('buyer', 'random-buyer'): {'profit': 9.713153105143116, 'count': 4}, ('buyer', 'ppobuyer'): {'profit': 3.898879520567446, 'count': 1}, ('seller', 'random-seller'): {'profit': 11.398689120643462, 'count': 5}}"
22,50,0.49895763126237014,24.378574998357173,49,24.30584921009715,0.9970168154510703,0.4688158294068294,0.030141801855540717,1,"{('buyer', 'random-buyer'): {'profit': 9.599327460719444, 'count': 4}, ('buyer', 'ppobuyer'): {'profit': 3.8729071246166726, 'count': 1}, ('seller', 'random-seller'): {'profit': 10.833614624761037, 'count': 5}}"
23,50,0.5053073036270467,21.727158438538716,48,21.677586981524506,0.997718456504359,0.517531326561358,0.012224022934311352,2,"{('buyer', 'random-buyer'): {'profit': 7.345976736401698, 'count': 4}, ('buyer', 'ppobuyer'): {'profit': 3.4001589443533566, 'count': 1}, ('seller', 'random-seller'): {'profit': 10.931451300769451, 'count': 5}}"
24,50,0.49750238349506215,27.000910890776353,47,26.77590498066632,0.991666728910731,0.4521958807978755,0.04530650269718667,3,"{('buyer', 'random-buyer'): {'profit': 11.180313381329384, 'count': 4}, ('buyer', 'ppobuyer'): {'profit': 2.6070466329374735, 'count': 1}, ('seller', 'random-seller'): {'profit': 12.988544966399463, 'count': 5}}"
25,50,0.5034719117868638,26.39294206614788,47,26.127721738192268,0.9899510889202537,0.5433618840342631,0.03988997224739932,3,"{('buyer', 'random-buyer'): {'profit': 9.936495101330745, 'count': 4}, ('buyer', 'ppobuyer'): {'profit': 2.5229428401502156, 'count': 1}, ('seller', 'random-seller'): {'profit': 13.668283796711307, 'count': 5}}"
26,50,0.5048222164829962,26.88496585393237,48,26.722627278061253,0.9939617339760403,0.49764460958785234,0.007177606895143851,2,"{('buyer', 'random-buyer'): {'profit': 11.065003101763452, 'count': 4}, ('buyer', 'ppobuyer'): {'profit': 2.2876912958365168, 'count': 1}, ('seller', 'random-seller'): {'profit': 13.369932880461286, 'count': 5}}"
27,50,0.5022598732385386,26.92961592234392,50,26.92961592234392,1.0,0.526828874757609,0.024569001519070377,0,"{('buyer', 'random-buyer'): {'profit': 9.24703231647386, 'count': 4}, ('buyer', 'ppobuyer'): {'profit': 3.804641419827857, 'count': 1}, ('seller', 'random-seller'): {'profit': 13.877942186042207, 'count': 5}}"
28,50,0.49980910261067935,26.044772241532822,46,25.403560945026307,0.9753804221991239,0.4735953552496357,0.02621374736104365,4,"{('buyer', 'random-buyer'): {'profit': 10.485534454447112, 'count': 4}, ('buyer', 'ppobuyer'): {'profit': 3.444116263009696, 'count': 1}, ('seller', 'random-seller'): {'profit': 11.4739102275695, 'count': 5}}"
29,50,0.49806025365314177,23.465591010823413,46,23.131724289060674,0.9857720727507462,0.4991333058075682,0.0010730521544264349,4,"{('buyer', 'random-buyer'): {'profit': 9.832494542017198, 'count': 4}, ('buyer', 'ppobuyer'): {'profit': 2.0458689780284964, 'count': 1}, ('seller', 'random-seller'): {'profit': 11.25336076901498, 'count': 5}}"
30,50,0.5022338106994674,23.576927829089442,49,23.50315491148251,0.9968709698675877,0.47983532495099823,0.022398485748469144,1,"{('buyer', 'random-buyer'): {'profit': 9.24386345142938, 'count': 4}, ('buyer', 'ppobuyer'): {'profit': 3.2404569014517817, 'count': 1}, ('seller', 'random-seller'): {'profit': 11.018834558601348, 'count': 5}}"
31,50,0.4970948675206125,25.1977798496541,47,24.838479408157685,0.9857407897187677,0.4792112028453201,0.0178836646752924,3,"{('buyer', 'random-buyer'): {'profit': 9.767257322235693, 'count': 4}, ('buyer', 'ppobuyer'): {'profit': 2.8330434146074692, 'count': 1}, ('seller', 'random-seller'): {'profit': 12.238178671314522, 'count': 5}}"
32,50,0.5035994876064468,25.46207244403627,48,25.40414320702321,0.9977248813056996,0.480056734417942,0.023542753188504795,2,"{('buyer', 'random-buyer'): {'profit': 10.805600283509346, 'count': 4}, ('buyer', 'ppobuyer'): {'profit': 3.2881537155168132, 'count': 1}, ('seller', 'random-seller'): {'profit': 11.310389207997053, 'count': 5}}"
33,50,0.4974224663856841,26.69146062169375,47,26.28694989570414,0.9848449385470932,0.4716001680306781,0.02582229835500599,3,"{('buyer', 'random-buyer'): {'profit': 11.357846152982674, 'count': 4}, ('buyer', 'ppobuyer'): {'profit': 2.673423820699721, 'count': 1}, ('seller', 'random-seller'): {'profit': 12.255679922021747, 'count': 5}}"
34,50,0.5023592552336366,22.2480595926701,46,21.93299163397304,0.9858384072829046,0.49065981171984097,0.011699443513795593,4,"{('buyer', 'random-buyer'): {'profit': 8.771853981095614, 'count': 4}, ('buyer', 'ppobuyer'): {'profit': 1.8947522448343195, 'count': 1}, ('seller', 'random-seller'): {'profit': 11.266385408043107, 'count': 5}}"
35,50,0.4928252240052978,27.960153404409233,49,27.818777282202053,0.9949436571336949,0.4576032061944438,0.035222017810854045,1,"{('buyer', 'random-buyer'): {'profit': 11.638195095078023, 'count': 4}, ('buyer', 'ppobuyer'): {'profit': 3.133326249223445, 'count': 1}, ('seller', 'random-seller'): {'profit': 13.047255937900584, 'count': 5}}"
36,50,0.4957503695825895,24.346333664636713,50,24.34633366463671,0.9999999999999999,0.47633267927464457,0.019417690307944935,0,"{('buyer', 'random-buyer'): {'profit': 8.558450234514014, 'count': 4}, ('buyer', 'ppobuyer'): {'profit': 4.223679644724279, 'count': 1}, ('seller', 'random-seller'): {'profit': 11.564203785398414, 'count': 5}}"
37,50,0.4964433356840806,25.965611824083172,48,25.84324109461167,0.9952872002284959,0.4774916075605719,0.018951728123508704,2,"{('buyer', 'random-buyer'): {'profit': 10.420779015911805, 'count': 4}, ('buyer', 'ppobuyer'): {'profit': 3.0833709465694454, 'count': 1}, ('seller', 'random-seller'): {'profit': 12.339091132130422, 'count': 5}}"
38,50,0.4975979765956505,25.53070866267158,45,24.65727274495604,0.9657888102811424,0.47015882870754744,0.027439147888103088,5,"{('buyer', 'random-buyer'): {'profit': 10.491115762079255, 'count': 4}, ('buyer', 'ppobuyer'): {'profit': 2.399940145349989, 'count': 1}, ('seller', 'random-seller'): {'profit': 11.766216837526795, 'count': 5}}"
39,50,0.5029407048260263,24.66461989044948,46,24.152543572374697,0.9792384265255567,0.5093107347301727,0.006370029904146479,4,"{('buyer', 'random-buyer'): {'profit': 9.025112584908506, 'count': 4}, ('buyer', 'ppobuyer'): {'profit': 3.1566074034493594, 'count': 1}, ('seller', 'random-seller'): {'profit': 11.97082358401683, 'count': 5}}"
40,50,0.5017528664547928,22.95258108051464,46,22.42775128774182,0.9771341710576346,0.502015281051291,0.0002624145964982283,4,"{('buyer', 'random-buyer'): {'profit': 9.250243168373217, 'count': 4}, ('buyer', 'ppobuyer'): {'profit': 2.52850401010928, 'count': 1}, ('seller', 'random-seller'): {'profit': 10.649004109259323, 'count': 5}}"
41,50,0.49968168816633923,26.077505564886717,47,25.7837250774872,0.9887343332486873,0.4847459463061838,0.01493574186015545,3,"{('buyer', 'random-buyer'): {'profit': 10.095352200301198, 'count': 4}, ('buyer', 'ppobuyer'): {'profit': 2.7995438746370658, 'count': 1}, ('seller', 'random-seller'): {'profit': 12.888829002548938, 'count': 5}}"
42,50,0.5001035399023351,23.899801155779343,48,23.875163366554826,0.9989691215812245,0.49606903071675995,0.004034509185575186,2,"{('buyer', 'random-buyer'): {'profit': 8.661044251482046, 'count': 4}, ('buyer', 'ppobuyer'): {'profit': 3.5712720399830955, 'count': 1}, ('seller', 'random-seller'): {'profit': 11.642847075089684, 'count': 5}}"
43,50,0.4955786939587359,25.07167739357999,49,24.887023058437375,0.9926349429181034,0.4875105820393961,0.00806811191933976,1,"{('buyer', 'random-buyer'): {'profit': 8.948366706975436, 'count': 4}, ('buyer', 'ppobuyer'): {'profit': 4.053498661014534, 'count': 1}, ('seller', 'random-seller'): {'profit': 11.885157690447404, 'count': 5}}"
44,50,0.49556935982670197,22.099414263872738,45,21.503178226724938,0.9730202787264591,0.47754705991763546,0.018022299909066508,5,"{('buyer', 'random-buyer'): {'profit': 8.86493952964645, 'count': 4}, ('buyer', 'ppobuyer'): {'profit': 1.6765105673960221, 'count': 1}, ('seller', 'random-seller'): {'profit': 10.961728129682465, 'count': 5}}"
45,50,0.49558635514499094,22.352713668493532,45,22.152852778048274,0.9910587638973354,0.4672237177292737,0.028362637415717262,5,"{('buyer', 'random-buyer'): {'profit': 9.550365064951103, 'count': 4}, ('buyer', 'ppobuyer'): {'profit': 1.9512444942540865, 'count': 1}, ('seller', 'random-seller'): {'profit': 10.651243218843085, 'count': 5}}"
46,50,0.5011622832970472,24.808915892068512,47,24.589576805711147,0.9911588604954927,0.49047672264132136,0.01068556065572579,3,"{('buyer', 'random-buyer'): {'profit': 9.941853428803345, 'count': 4}, ('buyer', 'ppobuyer'): {'profit': 2.7937545441429115, 'count': 1}, ('seller', 'random-seller'): {'profit': 11.85396883276489, 'count': 5}}"
47,50,0.5014574933394134,24.59464075817383,47,24.305050857125334,0.9882254876622967,0.49693390269966,0.004523590639753383,3,"{('buyer', 'random-buyer'): {'profit': 10.095997450456967, 'count': 4}, ('buyer', 'ppobuyer'): {'profit': 2.6849993782961863, 'count': 1}, ('seller', 'random-seller'): {'profit': 11.52405402837218, 'count': 5}}"
48,50,0.49977354700239895,26.134949129263237,49,26.090569223897297,0.9983018943275368,0.4595731784770752,0.04020036852532377,1,"{('buyer', 'random-buyer'): {'profit': 10.166297736054512, 'count': 4}, ('buyer', 'ppobuyer'): {'profit': 3.604009200888659, 'count': 1}, ('seller', 'random-seller'): {'profit': 12.320262286954126, 'count': 5}}"
49,50,0.5268448838266246,25.384145247118415,46,24.5945440686127,0.9688939229263451,0.4856622960775281,0.041182587749096555,4,"{('buyer', 'random-buyer'): {'profit': 10.038713044610798, 'count': 4}, ('buyer', 'ppobuyer'): {'profit': 2.260206601645281, 'count': 1}, ('seller', 'random-seller'): {'profit': 12.295624422356617, 'count': 5}}"
50,50,0.5030211313976586,23.211669250357524,47,22.927510109746386,0.9877579187629187,0.4972759799018795,0.005745151495779088,3,"{('buyer', 'random-buyer'): {'profit': 10.24741616797907, 'count': 4}, ('buyer', 'ppobuyer'): {'profit': 2.7020043906975006, 'count': 1}, ('seller', 'random-seller'): {'profit': 9.978089551069813, 'count': 5}}"
51,50,0.497348526480877,26.247805120786143,48,26.109630709702113,0.9947357727456378,0.486900305068869,0.010448221412008019,2,"{('buyer', 'random-buyer'): {'profit': 10.324381344971968, 'count': 4}, ('buyer', 'ppobuyer'): {'profit': 3.1898767841147597, 'count': 1}, ('seller', 'random-seller'): {'profit': 12.595372580615386, 'count': 5}}"
52,50,0.49896481460446285,25.462508003021743,48,25.29508135390601,0.9934245813846828,0.4925740338542846,0.006390780750178238,2,"{('buyer', 'random-buyer'): {'profit': 10.08373351750417, 'count': 4}, ('buyer', 'ppobuyer'): {'profit': 2.6883886091470695, 'count': 1}, ('seller', 'random-seller'): {'profit': 12.52295922725477, 'count': 5}}"
53,50,0.4962586314251028,23.62116904107546,44,22.471174293345484,0.9513150790407443,0.48920482226057876,0.0070538091645240275,6,"{('buyer', 'random-buyer'): {'profit': 10.211997401302268, 'count': 4}, ('buyer', 'ppobuyer'): {'profit': 1.7392795969734043, 'count': 1}, ('seller', 'random-seller'): {'profit': 10.519897295069812, 'count': 5}}"
54,50,0.49712946385113754,24.443770274030438,47,24.174742778625074,0.9889940261919747,0.49516209302629144,0.001967370824846104,3,"{('buyer', 'random-buyer'): {'profit': 9.44048351802345, 'count': 4}, ('buyer', 'ppobuyer'): {'profit': 2.544359481678772, 'count': 1}, ('seller', 'random-seller'): {'profit': 12.18989977892285, 'count': 5}}"
55,50,0.5034878689678942,24.87755965721236,46,24.40574509831767,0.9810345321086225,0.48534233505269814,0.018145533915196077,4,"{('buyer', 'random-buyer'): {'profit': 10.492168509024392, 'count': 4}, ('buyer', 'ppobuyer'): {'profit': 2.0778067265007163, 'count': 1}, ('seller', 'random-seller'): {'profit': 11.835769862792562, 'count': 5}}"
56,50,0.49953633887113486,29.07130716325396,49,28.975124854878164,0.9966915038310569,0.5009048313689853,0.001368492497850482,1,"{('buyer', 'random-buyer'): {'profit': 11.36998102058392, 'count': 4}, ('buyer', 'ppobuyer'): {'profit': 3.235680104779651, 'count': 1}, ('seller', 'random-seller'): {'profit': 14.369463729514592, 'count': 5}}"
57,50,0.49854597755985264,28.34398132910078,47,28.014135958470533,0.9883627720890573,0.479044231240968,0.019501746318884627,3,"{('buyer', 'random-buyer'): {'profit': 12.234917357758615, 'count': 4}, ('buyer', 'ppobuyer'): {'profit': 3.0787051874459843, 'count': 1}, ('seller', 'random-seller'): {'profit': 12.700513413265936, 'count': 5}}"
58,50,0.4977039166273002,26.03820313745616,48,25.783365953609028,0.9902129504673636,0.4697688666578732,0.027935049969426973,2,"{('buyer', 'random-buyer'): {'profit': 10.636734309607352, 'count': 4}, ('buyer', 'ppobuyer'): {'profit': 3.401042388679341, 'count': 1}, ('seller', 'random-seller'): {'profit': 11.745589255322335, 'count': 5}}"
59,50,0.495480473865907,23.88108374747057,44,23.223163538130247,0.9724501527528034,0.4904985846557857,0.004981889210121271,6,"{('buyer', 'random-buyer'): {'profit': 9.688810801138155, 'count': 4}, ('buyer', 'ppobuyer'): {'profit': 2.122612318186712, 'count': 1}, ('seller', 'random-seller'): {'profit': 11.41174041880538, 'count': 5}}"
60,50,0.4958688495083656,23.943020305108572,49,23.8704195429155,0.9969677692593535,0.46838975286808787,0.0274790966402777,1,"{('buyer', 'random-buyer'): {'profit': 8.426364569143956, 'count': 4}, ('buyer', 'ppobuyer'): {'profit': 4.097179120165465, 'count': 1}, ('seller', 'random-seller'): {'profit': 11.34687585360608, 'count': 5}}"
61,50,0.49961878336371063,26.46356067657716,48,26.266957531295425,0.9925707977212701,0.5035154245548749,0.0038966411911642296,2,"{('buyer', 'random-buyer'): {'profit': 9.791191878248558, 'count': 4}, ('buyer', 'ppobuyer'): {'profit': 3.8038279717355348, 'count': 1}, ('seller', 'random-seller'): {'profit': 12.671937681311334, 'count': 5}}"
62,50,0.4851061966548329,26.4433446516111,48,26.109148700198684,0.9873618123646831,0.47682066773100074,0.008285528923832164,2,"{('buyer', 'random-buyer'): {'profit': 10.412025510236154, 'count': 4}, ('buyer', 'ppobuyer'): {'profit': 3.4115079213164927, 'count': 1}, ('seller', 'random-seller'): {'profit': 12.285615268646037, 'count': 5}}"
63,50,0.5047970742398549,23.412543387759534,45,22.718590622654062,0.9703597873322776,0.49010742342958763,0.01468965081026724,5,"{('buyer', 'random-buyer'): {'profit': 9.959346697167886, 'count': 4}, ('buyer', 'ppobuyer'): {'profit': 1.8655168747689188, 'count': 1}, ('seller', 'random-seller'): {'profit': 10.89372705071726, 'count': 5}}"
64,50,0.5041993600764139,25.305257752568842,46,24.87326482510069,0.9829287284211007,0.4886862772388193,0.01551308283759456,4,"{('buyer', 'random-buyer'): {'profit': 9.666152748535024, 'count': 4}, ('buyer', 'ppobuyer'): {'profit': 3.2445869152005504, 'count': 1}, ('seller', 'random-seller'): {'profit': 11.962525161365118, 'count': 5}}"
65,50,0.4984822686842071,24.176212765283623,46,23.78977364324472,0.9840157296020402,0.47053573865153825,0.027946530032668837,4,"{('buyer', 'random-buyer'): {'profit': 10.838751609063955, 'count': 4}, ('buyer', 'ppobuyer'): {'profit': 2.466858908609073, 'count': 1}, ('seller', 'random-seller'): {'profit': 10.484163125571692, 'count': 5}}"
66,50,0.4971687398730035,25.895628810473855,49,25.87772909468936,0.9993087746231034,0.5074611828731151,0.010292443000111673,1,"{('buyer', 'random-buyer'): {'profit': 10.078216497170857, 'count': 4}, ('buyer', 'ppobuyer'): {'profit': 3.960579877112758, 'count': 1}, ('seller', 'random-seller'): {'profit': 11.838932720405746, 'count': 5}}"
67,50,0.49984384947252564,26.791816653439945,49,26.644517180090304,0.9945020722090255,0.48931933260690963,0.010524516865616007,1,"{('buyer', 'random-buyer'): {'profit': 9.504417368106017, 'count': 4}, ('buyer', 'ppobuyer'): {'profit': 3.799437700352363, 'count': 1}, ('seller', 'random-seller'): {'profit': 13.340662111631925, 'count': 5}}"
68,50,0.5012442880904666,26.472882224348833,50,26.47288222434883,0.9999999999999999,0.502136265574689,0.0008919774842224282,0,"{('buyer', 'random-buyer'): {'profit': 10.416055046144267, 'count': 4}, ('buyer', 'ppobuyer'): {'profit': 3.6866313351287463, 'count': 1}, ('seller', 'random-seller'): {'profit': 12.370195843075816, 'count': 5}}"
69,50,0.5030620382469384,26.22090371477869,48,26.071044034550468,0.9942847248188568,0.49976751712050965,0.003294521126428751,2,"{('buyer', 'random-buyer'): {'profit': 10.671486548548165, 'count': 4}, ('buyer', 'ppobuyer'): {'profit': 3.22788356321621, 'count': 1}, ('seller', 'random-seller'): {'profit': 12.171673922786093, 'count': 5}}"
70,50,0.5060782338427092,25.580056907055358,48,25.488133807393815,0.9964064544502171,0.4744610443461581,0.031617189496551124,2,"{('buyer', 'random-buyer'): {'profit': 10.140508028951444, 'count': 4}, ('buyer', 'ppobuyer'): {'profit': 3.256770884319149, 'count': 1}, ('seller', 'random-seller'): {'profit': 12.09085489412322, 'count': 5}}"
71,50,0.4842928858964229,27.029688080702346,47,26.738277332089503,0.9892188638010627,0.4720518015870463,0.012241084309376593,3,"{('buyer', 'random-buyer'): {'profit': 10.909830385503547, 'count': 4}, ('buyer', 'ppobuyer'): {'profit': 2.878687755740681, 'count': 1}, ('seller', 'random-seller'): {'profit': 12.949759190845274, 'count': 5}}"
72,50,0.5017199407617224,24.91332969745019,47,24.632478818882404,0.98872688307912,0.5023663291603283,0.0006463883986058683,3,"{('buyer', 'random-buyer'): {'profit': 10.147205877747826, 'count': 4}, ('buyer', 'ppobuyer'): {'profit': 2.234334980460985, 'count': 1}, ('seller', 'random-seller'): {'profit': 12.250937960673593, 'count': 5}}"
73,50,0.5062814102506986,24.538943371063954,48,24.249222016565362,0.9881934054731865,0.4958805369046037,0.010400873346094908,2,"{('buyer', 'random-buyer'): {'profit': 10.084642057991331, 'count': 4}, ('buyer', 'ppobuyer'): {'profit': 2.761050844052237, 'count': 1}, ('seller', 'random-seller'): {'profit': 11.403529114521795, 'count': 5}}"
74,50,0.501840836137168,23.61130230844235,47,23.385435716376854,0.9904339629760813,0.5100875005676411,0.00824666443047306,3,"{('buyer', 'random-buyer'): {'profit': 9.422270856404129, 'count': 4}, ('buyer', 'ppobuyer'): {'profit': 3.0257059774158654, 'count': 1}, ('seller', 'random-seller'): {'profit': 10.937458882556859, 'count': 5}}"
75,50,0.5103514137767018,26.235226076783192,46,25.516497594308035,0.9726044486763088,0.5149178667626186,0.004566452985916847,4,"{('buyer', 'random-buyer'): {'profit': 9.782288013558759, 'count': 4}, ('buyer', 'ppobuyer'): {'profit': 2.800390205746972, 'count': 1}, ('seller', 'random-seller'): {'profit': 12.933819375002306, 'count': 5}}"
76,50,0.4998526339974019,25.412792611705953,45,24.610005289172488,0.9684101100260947,0.5012776541864756,0.0014250201890737557,5,"{('buyer', 'random-buyer'): {'profit': 10.25090749389812, 'count': 4}, ('buyer', 'ppobuyer'): {'profit': 2.287455466426287, 'count': 1}, ('seller', 'random-seller'): {'profit': 12.07164232884808, 'count': 5}}"
77,50,0.4997002354257939,24.78435097086642,47,24.515914275377128,0.9891691053033894,0.5152112704962928,0.01551103507049889,3,"{('buyer', 'random-buyer'): {'profit': 8.62422702764319, 'count': 4}, ('buyer', 'ppobuyer'): {'profit': 3.1736622878590866, 'count': 1}, ('seller', 'random-seller'): {'profit': 12.71802495987485, 'count': 5}}"
78,50,0.5026812181961248,26.228775147020016,49,26.092490533770203,0.9948040039046467,0.4841242344371361,0.018556983758988677,1,"{('buyer', 'random-buyer'): {'profit': 10.08139355586956, 'count': 4}, ('buyer', 'ppobuyer'): {'profit': 3.9080879469368686, 'count': 1}, ('seller', 'random-seller'): {'profit': 12.103009030963776, 'count': 5}}"
79,50,0.4976317610781331,23.336000763506853,47,23.08530899889621,0.9892572953201699,0.46665981834918946,0.030971942728943658,3,"{('buyer', 'random-buyer'): {'profit': 9.451252188319282, 'count': 4}, ('buyer', 'ppobuyer'): {'profit': 2.9330943636483293, 'count': 1}, ('seller', 'random-seller'): {'profit': 10.700962446928596, 'count': 5}}"
80,50,0.4929608380895064,26.199711930505206,45,25.3616387991107,0.9680121241936744,0.4781142779414602,0.014846560148046195,5,"{('buyer', 'random-buyer'): {'profit': 11.385645206564618, 'count': 4}, ('buyer', 'ppobuyer'): {'profit': 1.8732037958560945, 'count': 1}, ('seller', 'random-seller'): {'profit': 12.10278979668999, 'count': 5}}"
81,50,0.5030969917811767,24.80000262689014,49,24.721997923242135,0.9968546493796163,0.4752241451215104,0.027872846659666328,1,"{('buyer', 'random-buyer'): {'profit': 9.730575400541195, 'count': 4}, ('buyer', 'ppobuyer'): {'profit': 2.702385474478632, 'count': 1}, ('seller', 'random-seller'): {'profit': 12.28903704822231, 'count': 5}}"
82,50,0.5008030599901634,26.37396919514697,48,26.249568946388635,0.9952832185463679,0.5113867178178562,0.010583657827692772,2,"{('buyer', 'random-buyer'): {'profit': 9.971754207772307, 'count': 4}, ('buyer', 'ppobuyer'): {'profit': 3.247235170238638, 'count': 1}, ('seller', 'random-seller'): {'profit': 13.030579568377691, 'count': 5}}"
83,50,0.48990484824830965,26.252622941096867,48,25.91893862466695,0.9872894865713568,0.5081755936888614,0.018270745440551794,2,"{('buyer', 'random-buyer'): {'profit': 9.064222098576227, 'count': 4}, ('buyer', 'ppobuyer'): {'profit': 3.335603313612087, 'count': 1}, ('seller', 'random-seller'): {'profit': 13.519113212478636, 'count': 5}}"
84,50,0.5007585912423858,25.1407466987386,48,25.037643580856354,0.995898963578221,0.49473862229985704,0.006019968942528708,2,"{('buyer', 'random-buyer'): {'profit': 9.389246356340827, 'count': 4}, ('buyer', 'ppobuyer'): {'profit': 3.5833160726520097, 'count': 1}, ('seller', 'random-seller'): {'profit': 12.065081151863515, 'count': 5}}"
85,50,0.500992004896067,20.977617088568863,46,20.695977546229592,0.9865742833826087,0.4924457905710958,0.008546214324971213,4,"{('buyer', 'random-buyer'): {'profit': 7.5143670533782325, 'count': 4}, ('buyer', 'ppobuyer'): {'profit': 2.105721245983628, 'count': 1}, ('seller', 'random-seller'): {'profit': 11.075889246867732, 'count': 5}}"
86,50,0.49717289865816083,22.376834831936307,49,22.344439190985806,0.9985522688443735,0.47957989708250376,0.017593001575657075,1,"{('buyer', 'random-buyer'): {'profit': 8.332593325071592, 'count': 4}, ('buyer', 'ppobuyer'): {'profit': 3.082923925092054, 'count': 1}, ('seller', 'random-seller'): {'profit': 10.92892194082216, 'count': 5}}"
87,50,0.5044502842962824,24.97408060049793,46,24.45433463452996,0.979188584585668,0.5054362841591481,0.0009859998628657385,4,"{('buyer', 'random-buyer'): {'profit': 10.37167150373471, 'count': 4}, ('buyer', 'ppobuyer'): {'profit': 2.474873426576356, 'count': 1}, ('seller', 'random-seller'): {'profit': 11.607789704218895, 'count': 5}}"
88,50,0.4999313602048359,25.01519352000547,46,24.61748191265317,0.9841011980565235,0.5113467264454075,0.011415366240571545,4,"{('buyer', 'random-buyer'): {'profit': 10.239845941432552, 'count': 4}, ('buyer', 'ppobuyer'): {'profit': 2.3115311322226693, 'count': 1}, ('seller', 'random-seller'): {'profit': 12.06610483899795, 'count': 5}}"
89,50,0.4982703606258333,26.729337921607588,43,25.698592023144826,0.9614376569488643,0.48001236844813494,0.018257992177698357,7,"{('buyer', 'random-buyer'): {'profit': 12.161576316159303, 'count': 4}, ('buyer', 'ppobuyer'): {'profit': 1.68254813744587, 'count': 1}, ('seller', 'random-seller'): {'profit': 11.85446756953965, 'count': 5}}"
90,50,0.49882923563500947,25.853119331160027,45,25.288807308994286,0.9781723816404007,0.484092745729006,0.014736489906003458,5,"{('buyer', 'random-buyer'): {'profit': 11.51108453114579, 'count': 4}, ('buyer', 'ppobuyer'): {'profit': 2.254121080044504, 'count': 1}, ('seller', 'random-seller'): {'profit': 11.52360169780399, 'count': 5}}"
91,50,0.49891276056374656,23.697680037999227,46,23.2250194974976,0.9800545648458534,0.47670166746622206,0.022211093097524504,4,"{('buyer', 'random-buyer'): {'profit': 10.238432651032808, 'count': 4}, ('buyer', 'ppobuyer'): {'profit': 2.567759130188441, 'count': 1}, ('seller', 'random-seller'): {'profit': 10.418827716276349, 'count': 5}}"
92,50,0.4938907554229494,27.560907983846576,47,27.079636603656013,0.9825378982262618,0.4726152256470435,0.02127552977590591,3,"{('buyer', 'random-buyer'): {'profit': 11.21498328498542, 'count': 4}, ('buyer', 'ppobuyer'): {'profit': 3.0586500682543822, 'count': 1}, ('seller', 'random-seller'): {'profit': 12.806003250416211, 'count': 5}}"
93,50,0.5007594184247057,24.763114838024254,46,24.3644585081827,0.9839012041720451,0.5131349758130694,0.012375557388363712,4,"{('buyer', 'random-buyer'): {'profit': 10.023397493518413, 'count': 4}, ('buyer', 'ppobuyer'): {'profit': 2.054265548726457, 'count': 1}, ('seller', 'random-seller'): {'profit': 12.286795465937828, 'count': 5}}"
94,50,0.4996479014771566,23.381753655941388,47,23.305707207469887,0.9967476157010927,0.4951393073271209,0.004508594150035683,3,"{('buyer', 'random-buyer'): {'profit': 8.458713842491603, 'count': 4}, ('buyer', 'ppobuyer'): {'profit': 3.4198552584470945, 'count': 1}, ('seller', 'random-seller'): {'profit': 11.42713810653119, 'count': 5}}"
95,50,0.5199948709615139,25.749829748894292,49,25.689682733916253,0.9976641781493479,0.5079962896652483,0.01199858129626552,1,"{('buyer', 'random-buyer'): {'profit': 10.228616388927943, 'count': 4}, ('buyer', 'ppobuyer'): {'profit': 3.6373719933699302, 'count': 1}, ('seller', 'random-seller'): {'profit': 11.82369435161838, 'count': 5}}"
96,50,0.4993442815801967,27.257953349306025,49,27.198457178247494,0.9978172913315942,0.5094103288574839,0.010066047277287216,1,"{('buyer', 'random-buyer'): {'profit': 10.37319386327114, 'count': 4}, ('buyer', 'ppobuyer'): {'profit': 3.3494663161463727, 'count': 1}, ('seller', 'random-seller'): {'profit': 13.47579699882998, 'count': 5}}"
97,50,0.4938980988907067,25.395167107058814,46,25.006851281866638,0.98470906595908,0.5076686306806352,0.013770531789928486,4,"{('buyer', 'random-buyer'): {'profit': 9.707870017329624, 'count': 4}, ('buyer', 'ppobuyer'): {'profit': 2.6361616714555307, 'count': 1}, ('seller', 'random-seller'): {'profit': 12.662819593081482, 'count': 5}}"
98,50,0.4950567874823457,27.22557339204885,48,26.930737518526193,0.9891706275832279,0.4869850309822401,0.008071756500105609,2,"{('buyer', 'random-buyer'): {'profit': 11.249238920639941, 'count': 4}, ('buyer', 'ppobuyer'): {'profit': 3.668230449182395, 'count': 1}, ('seller', 'random-seller'): {'profit': 12.013268148703858, 'count': 5}}"
99,50,0.5079857207336519,23.47667164247373,46,22.843987932479816,0.9730505363098716,0.47154685201320157,0.036438868720450324,4,"{('buyer', 'random-buyer'): {'profit': 9.62504106869337, 'count': 4}, ('buyer', 'ppobuyer'): {'profit': 2.850173487814451, 'count': 1}, ('seller', 'random-seller'): {'profit': 10.368773375971994, 'count': 5}}"
100,50,0.5079056552452829,26.410839811765623,46,25.44109348455029,0.963282260839607,0.4693339650051551,0.03857169024012774,4,"{('buyer', 'random-buyer'): {'profit': 11.14778952182041, 'count': 4}, ('buyer', 'ppobuyer'): {'profit': 2.834827276509444, 'count': 1}, ('seller', 'random-seller'): {'profit': 11.458476686220436, 'count': 5}}"
101,50,0.5201287334757401,25.67302442603577,49,25.618838378110375,0.997889378087046,0.47962278694847027,0.0405059465272698,1,"{('buyer', 'random-buyer'): {'profit': 10.064598163874447, 'count': 4}, ('buyer', 'ppobuyer'): {'profit': 3.1966001360111593, 'count': 1}, ('seller', 'random-seller'): {'profit': 12.357640078224769, 'count': 5}}"
102,50,0.5056160619592911,22.07587850426012,48,22.008631024640195,0.9969538027849288,0.49852359889037623,0.007092463068914867,2,"{('buyer', 'random-buyer'): {'profit': 8.795845879866903, 'count': 4}, ('buyer', 'ppobuyer'): {'profit': 2.8459251049994774, 'count': 1}, ('seller', 'random-seller'): {'profit': 10.366860039773814, 'count': 5}}"
103,50,0.5100373621634655,24.120803139342556,46,23.59654953164793,0.9782654995082011,0.48294578274170247,0.027091579421763046,4,"{('buyer', 'random-buyer'): {'profit': 9.812923935704216, 'count': 4}, ('buyer', 'ppobuyer'): {'profit': 2.2768815288626465, 'count': 1}, ('seller', 'random-seller'): {'profit': 11.506744067081069, 'count': 5}}"
104,50,0.5075210052464343,27.247277348764996,47,26.823887367649355,0.9844612004459656,0.48158577488826115,0.025935230358173134,3,"{('buyer', 'random-buyer'): {'profit': 11.091315166687599, 'count': 4}, ('buyer', 'ppobuyer'): {'profit': 3.4321768011497276, 'count': 1}, ('seller', 'random-seller'): {'profit': 12.300395399812027, 'count': 5}}"
105,50,0.4994371020855308,24.004709064121478,48,23.853074759269376,0.9936831434012778,0.46083008500088635,0.03860701708464448,2,"{('buyer', 'random-buyer'): {'profit': 9.818984434202704, 'count': 4}, ('buyer', 'ppobuyer'): {'profit': 3.08719944532472, 'count': 1}, ('seller', 'random-seller'): {'profit': 10.946890879741952, 'count': 5}}"
106,50,0.5013550349132991,24.9412460816953,46,24.630001147966436,0.9875208747506288,0.5104440447561263,0.009089009842827123,4,"{('buyer', 'random-buyer'): {'profit': 9.42299946767175, 'count': 4}, ('buyer', 'ppobuyer'): {'profit': 2.235226562464638, 'count': 1}, ('seller', 'random-seller'): {'profit': 12.971775117830049, 'count': 5}}"
107,50,0.4985095859053301,25.308333002159234,46,24.95371263301563,0.9859879997187745,0.48326843965336586,0.015241146251964266,4,"{('buyer', 'random-buyer'): {'profit': 10.349538772216382, 'count': 4}, ('buyer', 'ppobuyer'): {'profit': 2.5708246908496135, 'count': 1}, ('seller', 'random-seller'): {'profit': 12.033349169949634, 'count': 5}}"
108,50,0.5009567086817104,25.547022211376028,48,25.470439295297076,0.9970022762165662,0.4605105518504596,0.0404461568312508,2,"{('buyer', 'random-buyer'): {'profit': 10.453490850074555, 'count': 4}, ('buyer', 'ppobuyer'): {'profit': 3.378956043338365, 'count': 1}, ('seller', 'random-seller'): {'profit': 11.637992401884155, 'count': 5}}"
109,50,0.5156087730703276,25.41147190517058,47,25.03803750179683,0.9853044953567697,0.5199494587823955,0.004340685712067915,3,"{('buyer', 'random-buyer'): {'profit': 8.94794023136089, 'count': 4}, ('buyer', 'ppobuyer'): {'profit': 2.8285193863315126, 'count': 1}, ('seller', 'random-seller'): {'profit': 13.261577884104426, 'count': 5}}"
110,50,0.4934827168507494,24.63343346620929,47,24.410847682535156,0.9909640779885814,0.46197458369314226,0.03150813315760714,3,"{('buyer', 'random-buyer'): {'profit': 10.568250707180376, 'count': 4}, ('buyer', 'ppobuyer'): {'profit': 2.2745781455235403, 'count': 1}, ('seller', 'random-seller'): {'profit': 11.56801882983124, 'count': 5}}"
111,50,0.4973766371864787,26.034001770981956,47,25.544578639525,0.9812006184926023,0.44515394190402846,0.052222695282450216,3,"{('buyer', 'random-buyer'): {'profit': 10.649376633783474, 'count': 4}, ('buyer', 'ppobuyer'): {'profit': 2.8201851234262953, 'count': 1}, ('seller', 'random-seller'): {'profit': 12.075016882315232, 'count': 5}}"
112,50,0.4983451647032241,25.116773921819124,49,25.039778176854558,0.9969344890707608,0.5046824960039616,0.006337331300737548,1,"{('buyer', 'random-buyer'): {'profit': 8.905943950806256, 'count': 4}, ('buyer', 'ppobuyer'): {'profit': 3.848039460907457, 'count': 1}, ('seller', 'random-seller'): {'profit': 12.285794765140846, 'count': 5}}"
113,50,0.4907872307564083,24.50464780288771,49,24.478424998274146,0.9989298844519416,0.4932648398112617,0.0024776090548533913,1,"{('buyer', 'random-buyer'): {'profit': 9.352846474843911, 'count': 4}, ('buyer', 'ppobuyer'): {'profit': 3.071871657313173, 'count': 1}, ('seller', 'random-seller'): {'profit': 12.053706866117063, 'count': 5}}"
114,50,0.5045025667121108,24.094245713437537,47,23.476338900350722,0.9743545898703023,0.4955183439977847,0.008984222714326084,3,"{('buyer', 'random-buyer'): {'profit': 9.351788104840598, 'count': 4}, ('buyer', 'ppobuyer'): {'profit': 2.5878603427195386, 'count': 1}, ('seller', 'random-seller'): {'profit': 11.536690452790586, 'count': 5}}"
115,50,0.49367307212940204,25.625075693365257,45,25.055691684571684,0.9777802018769842,0.48485989800191964,0.008813174127482393,5,"{('buyer', 'random-buyer'): {'profit': 10.735163145836848, 'count': 4}, ('buyer', 'ppobuyer'): {'profit': 2.1228771289672417, 'count': 1}, ('seller', 'random-seller'): {'profit': 12.197651409767593, 'count': 5}}"
116,50,0.4962772063185773,21.790783026977394,46,21.38123062630484,0.9812052462655647,0.5042939160063828,0.008016709687805545,4,"{('buyer', 'random-buyer'): {'profit': 8.67336392413627, 'count': 4}, ('buyer', 'ppobuyer'): {'profit': 2.392905340030853, 'count': 1}, ('seller', 'random-seller'): {'profit': 10.31496136213772, 'count': 5}}"
117,50,0.5030882401137398,26.591662408644243,46,26.12272892921957,0.9823653943774407,0.4864467696037238,0.016641470510015965,4,"{('buyer', 'random-buyer'): {'profit': 11.383762716936278, 'count': 4}, ('buyer', 'ppobuyer'): {'profit': 2.832471795052418, 'count': 1}, ('seller', 'random-seller'): {'profit': 11.906494417230872, 'count': 5}}"
118,50,0.5050967390608478,23.24101238380987,47,23.077107204586742,0.9929475886628197,0.47862726364453034,0.0264694754163175,3,"{('buyer', 'random-buyer'): {'profit': 10.068243486099824, 'count': 4}, ('buyer', 'ppobuyer'): {'profit': 2.3233415350661026, 'count': 1}, ('seller', 'random-seller'): {'profit': 10.685522183420815, 'count': 5}}"
119,50,0.5001087589362804,26.54357991200313,44,25.855580380005314,0.9740803789737986,0.5022834434634569,0.002174684527176507,6,"{('buyer', 'random-buyer'): {'profit': 10.846808206377673, 'count': 4}, ('buyer', 'ppobuyer'): {'profit': 1.8770288377165736, 'count': 1}, ('seller', 'random-seller'): {'profit': 13.131743335911068, 'count': 5}}"
120,50,0.4985060880451943,23.570543690018155,48,23.194191623125704,0.9840329492674439,0.4958091455863056,0.0026969424588886848,2,"{('buyer', 'random-buyer'): {'profit': 9.147910214239868, 'count': 4}, ('buyer', 'ppobuyer'): {'profit': 3.481401000733899, 'count': 1}, ('seller', 'random-seller'): {'profit': 10.564880408151938, 'count': 5}}"
121,50,0.5083636514620591,23.732084579725083,45,22.838409420439216,0.9623431664300844,0.5020559033704929,0.006307748091566201,5,"{('buyer', 'random-buyer'): {'profit': 9.855946405076061, 'count': 4}, ('buyer', 'ppobuyer'): {'profit': 2.3565739802848595, 'count': 1}, ('seller', 'random-seller'): {'profit': 10.625889035078295, 'count': 5}}"
122,50,0.49227505036797703,26.24127730997261,47,25.825794759564566,0.9841668320676545,0.5026935003912327,0.010418450023255699,3,"{('buyer', 'random-buyer'): {'profit': 10.670590448367388, 'count': 4}, ('buyer', 'ppobuyer'): {'profit': 3.279067092489379, 'count': 1}, ('seller', 'random-seller'): {'profit': 11.876137218707797, 'count': 5}}"
123,50,0.5005457445950898,25.561527485347764,47,25.09872198909028,0.9818944506926368,0.47858998365293937,0.02195576094215046,3,"{('buyer', 'random-buyer'): {'profit': 10.131806483767514, 'count': 4}, ('buyer', 'ppobuyer'): {'profit': 2.9833581063603765, 'count': 1}, ('seller', 'random-seller'): {'profit': 11.983557398962391, 'count': 5}}"
124,50,0.49929483744527525,24.957567970260914,48,24.825034368778205,0.9946896427712574,0.5005321737622337,0.0012373363169584373,2,"{('buyer', 'random-buyer'): {'profit': 10.95840979836214, 'count': 4}, ('buyer', 'ppobuyer'): {'profit': 2.400214969217707, 'count': 1}, ('seller', 'random-seller'): {'profit': 11.466409601198357, 'count': 5}}"
125,50,0.5092053109440762,23.745592815618593,47,23.454516477468623,0.9877418794969601,0.4965229472346305,0.012682363709445699,3,"{('buyer', 'random-buyer'): {'profit': 9.847024412394443, 'count': 4}, ('buyer', 'ppobuyer'): {'profit': 2.9547478407263656, 'count': 1}, ('seller', 'random-seller'): {'profit': 10.652744224347813, 'count': 5}}"
126,50,0.49520866471045777,24.567768354564315,47,24.324514715493063,0.9900986676705595,0.5076707935725246,0.012462128862066879,3,"{('buyer', 'random-buyer'): {'profit': 10.231420008549783, 'count': 4}, ('buyer', 'ppobuyer'): {'profit': 2.8853955803113935, 'count': 1}, ('seller', 'random-seller'): {'profit': 11.207699126631887, 'count': 5}}"
127,50,0.5047261382462945,24.14886581052469,44,23.512055649424866,0.9736298107705628,0.47678553812638924,0.02794060011990529,6,"{('buyer', 'random-buyer'): {'profit': 11.620490488225414, 'count': 4}, ('buyer', 'ppobuyer'): {'profit': 1.6809497142574115, 'count': 1}, ('seller', 'random-seller'): {'profit': 10.210615446942041, 'count': 5}}"
128,50,0.49584937723521383,24.136470281885487,47,23.746465074410917,0.9838416635523021,0.4854403178382116,0.010409059397002207,3,"{('buyer', 'random-buyer'): {'profit': 9.534879267863545, 'count': 4}, ('buyer', 'ppobuyer'): {'profit': 2.6247857345025922, 'count': 1}, ('seller', 'random-seller'): {'profit': 11.586800072044781, 'count': 5}}"
129,50,0.5042051093810354,24.733901360318665,47,24.537023232054217,0.9920401506662307,0.44224588885303023,0.06195922052800512,3,"{('buyer', 'random-buyer'): {'profit': 10.41204900423856, 'count': 4}, ('buyer', 'ppobuyer'): {'profit': 2.3175493764867454, 'count': 1}, ('seller', 'random-seller'): {'profit': 11.807424851328914, 'count': 5}}"
130,50,0.48646108000775545,25.117336606007044,45,24.072706265664635,0.958409987622152,0.4658960949665611,0.02056498504119436,5,"{('buyer', 'random-buyer'): {'profit': 10.982716795885361, 'count': 4}, ('buyer', 'ppobuyer'): {'profit': 2.600093350164156, 'count': 1}, ('seller', 'random-seller'): {'profit': 10.48989611961512, 'count': 5}}"
131,50,0.4992083510775425,25.277091550539126,47,25.02865319151894,0.990171402492116,0.509232151663774,0.01002380058623148,3,"{('buyer', 'random-buyer'): {'profit': 10.418930151604929, 'count': 4}, ('buyer', 'ppobuyer'): {'profit': 2.1089936242927463, 'count': 1}, ('seller', 'random-seller'): {'profit': 12.500729415621265, 'count': 5}}"
132,50,0.4960222178419609,24.75847617532965,45,24.09475915955696,0.9731923317464084,0.4969574938165683,0.000935275974607408,5,"{('buyer', 'random-buyer'): {'profit': 9.488274078551171, 'count': 4}, ('buyer', 'ppobuyer'): {'profit': 2.091105577214604, 'count': 1}, ('seller', 'random-seller'): {'profit': 12.515379503791186, 'count': 5}}"
133,50,0.5001706316037239,24.59361793831166,46,24.127317446285616,0.9810397765308192,0.4782329142144472,0.02193771738927669,4,"{('buyer', 'random-buyer'): {'profit': 9.800327090497834, 'count': 4}, ('buyer', 'ppobuyer'): {'profit': 2.569373974964297, 'count': 1}, ('seller', 'random-seller'): {'profit': 11.757616380823487, 'count': 5}}"
134,50,0.48807384621809624,24.32700621402806,46,23.779849925969458,0.9775082768818841,0.47797842287744663,0.010095423340649612,4,"{('buyer', 'random-buyer'): {'profit': 9.86076878959038, 'count': 4}, ('buyer', 'ppobuyer'): {'profit': 2.6558408956107242, 'count': 1}, ('seller', 'random-seller'): {'profit': 11.263240240768354, 'count': 5}}"
135,50,0.5102355066006378,24.582845956764828,46,24.121744891092,0.9812429746139324,0.49875251642290946,0.011482990177728303,4,"{('buyer', 'random-buyer'): {'profit': 10.249347722986258, 'count': 4}, ('buyer', 'ppobuyer'): {'profit': 2.3032103500440955, 'count': 1}, ('seller', 'random-seller'): {'profit': 11.569186818061645, 'count': 5}}"
136,50,0.5009853043729183,25.5970814681559,44,24.892866614475224,0.9724884708220836,0.48011024410890984,0.020875060264008483,6,"{('buyer', 'random-buyer'): {'profit': 10.852110611865157, 'count': 4}, ('buyer', 'ppobuyer'): {'profit': 1.845465891309959, 'count': 1}, ('seller', 'random-seller'): {'profit': 12.195290111300107, 'count': 5}}"
137,50,0.5000301897316397,24.240160389603222,45,23.579121176991478,0.9727295858613515,0.49670629559018753,0.003323894141452177,5,"{('buyer', 'random-buyer'): {'profit': 9.891163974291512, 'count': 4}, ('buyer', 'ppobuyer'): {'profit': 2.266069290160109, 'count': 1}, ('seller', 'random-seller'): {'profit': 11.421887912539859, 'count': 5}}"
138,50,0.49973491461730013,22.4126592102395,46,21.834072324288005,0.9741848175834861,0.4991496851615419,0.0005852294557582294,4,"{('buyer', 'random-buyer'): {'profit': 8.222036014421416, 'count': 4}, ('buyer', 'ppobuyer'): {'profit': 2.8925072214594714, 'count': 1}, ('seller', 'random-seller'): {'profit': 10.719529088407118, 'count': 5}}"
139,50,0.4884500062652055,27.410609809019668,48,27.12687937413071,0.9896488827915242,0.4885876698588382,0.00013766359363270864,2,"{('buyer', 'random-buyer'): {'profit': 11.371606868710593, 'count': 4}, ('buyer', 'ppobuyer'): {'profit': 2.727612733610982, 'count': 1}, ('seller', 'random-seller'): {'profit': 13.027659771809132, 'count': 5}}"
140,50,0.5039325832977847,26.235084503460268,47,25.760194374247796,0.9818986621083748,0.5008357434349744,0.0030968398628102856,3,"{('buyer', 'random-buyer'): {'profit': 10.309687713218858, 'count': 4}, ('buyer', 'ppobuyer'): {'profit': 3.066371951451633, 'count': 1}, ('seller', 'random-seller'): {'profit': 12.384134709577303, 'count': 5}}"
141,50,0.5003822611170068,25.028549252316104,48,24.901029273349717,0.9949050191570897,0.5108841434353278,0.010501882318321054,2,"{('buyer', 'random-buyer'): {'profit': 9.490157085758705, 'count': 4}, ('buyer', 'ppobuyer'): {'profit': 2.699276431908305, 'count': 1}, ('seller', 'random-seller'): {'profit': 12.711595755682708, 'count': 5}}"
142,50,0.4990529673567208,24.8445442183763,45,24.214330296929774,0.9746337096826116,0.48328884433736585,0.015764123019354925,5,"{('buyer', 'random-buyer'): {'profit': 10.328792715788394, 'count': 4}, ('buyer', 'ppobuyer'): {'profit': 2.141848900336909, 'count': 1}, ('seller', 'random-seller'): {'profit': 11.743688680804473, 'count': 5}}"
143,50,0.5007346787948845,25.488230560440414,50,25.48823056044042,1.0000000000000002,0.5283777551311476,0.02764307633626306,0,"{('buyer', 'random-buyer'): {'profit': 9.21267873742172, 'count': 4}, ('buyer', 'ppobuyer'): {'profit': 3.6305817605785515, 'count': 1}, ('seller', 'random-seller'): {'profit': 12.64497006244015, 'count': 5}}"
144,50,0.49010696801499076,22.97601370395847,48,22.866808305499006,0.9952469823587959,0.4934083509706486,0.00330138295565785,2,"{('buyer', 'random-buyer'): {'profit': 8.447011448374674, 'count': 4}, ('buyer', 'ppobuyer'): {'profit': 2.8940933415588743, 'count': 1}, ('seller', 'random-seller'): {'profit': 11.525703515565459, 'count': 5}}"
145,50,0.5038284423775476,24.867655955516426,48,24.80229634378446,0.9973717019469434,0.48045864008440214,0.023369802293145503,2,"{('buyer', 'random-buyer'): {'profit': 9.19309335980606, 'count': 4}, ('buyer', 'ppobuyer'): {'profit': 3.740802114229086, 'count': 1}, ('seller', 'random-seller'): {'profit': 11.868400869749312, 'count': 5}}"
146,50,0.5174644242340167,25.297520857419347,47,24.89999161399232,0.9842858418551145,0.49960273030900715,0.01786169392500958,3,"{('buyer', 'random-buyer'): {'profit': 10.053230605280586, 'count': 4}, ('buyer', 'ppobuyer'): {'profit': 2.8219051422919703, 'count': 1}, ('seller', 'random-seller'): {'profit': 12.024855866419761, 'count': 5}}"
147,50,0.5005397445542108,23.342067829665883,48,23.198021788363178,0.9938289082889377,0.4876126981127173,0.012927046441493506,2,"{('buyer', 'random-buyer'): {'profit': 9.67127428558659, 'count': 4}, ('buyer', 'ppobuyer'): {'profit': 2.4619522836624723, 'count': 1}, ('seller', 'random-seller'): {'profit': 11.064795219114117, 'count': 5}}"
148,50,0.49827473775303666,24.350595546567906,49,24.30276208719537,0.9980356349280632,0.5015206118664047,0.0032458741133680746,1,"{('buyer', 'random-buyer'): {'profit': 9.78956259419856, 'count': 4}, ('buyer', 'ppobuyer'): {'profit': 2.966959448373612, 'count': 1}, ('seller', 'random-seller'): {'profit': 11.546240044623197, 'count': 5}}"
149,50,0.4976449070857369,26.916376556865806,47,26.621729380006347,0.9890532376734675,0.49825831898882894,0.0006134119030920537,3,"{('buyer', 'random-buyer'): {'profit': 10.495513984837714, 'count': 4}, ('buyer', 'ppobuyer'): {'profit': 2.7573893764395914, 'count': 1}, ('seller', 'random-seller'): {'profit': 13.368826018729042, 'count': 5}}"
150,50,0.492454964398063,25.264613195705845,47,24.977504339749366,0.9886359290865661,0.4586435897393835,0.033811374658679505,3,"{('buyer', 'random-buyer'): {'profit': 11.402720782214992, 'count': 4}, ('buyer', 'ppobuyer'): {'profit': 2.217975682808211, 'count': 1}, ('seller', 'random-seller'): {'profit': 11.356807874726165, 'count': 5}}"
151,50,0.5059751657039238,25.171065735034773,49,24.985209635006267,0.9926162800580264,0.513117735708556,0.007142570004632254,1,"{('buyer', 'random-buyer'): {'profit': 9.731659472665925, 'count': 4}, ('buyer', 'ppobuyer'): {'profit': 3.2898465085196875, 'count': 1}, ('seller', 'random-seller'): {'profit': 11.963703653820655, 'count': 5}}"
152,50,0.5018772063195881,23.157017643191885,49,23.125476544619254,0.9986379464290859,0.5232749999617641,0.021397793642175977,1,"{('buyer', 'random-buyer'): {'profit': 7.97841826880188, 'count': 4}, ('buyer', 'ppobuyer'): {'profit': 2.9555697414376727, 'count': 1}, ('seller', 'random-seller'): {'profit': 12.191488534379701, 'count': 5}}"
153,50,0.48566387264892397,26.50266640056096,48,26.287799249765875,0.9918926213858038,0.4785980212676176,0.007065851381306387,2,"{('buyer', 'random-buyer'): {'profit': 11.122633541292513, 'count': 4}, ('buyer', 'ppobuyer'): {'profit': 2.4393589998281016, 'count': 1}, ('seller', 'random-seller'): {'profit': 12.72580670864526, 'count': 5}}"
154,50,0.4956322793475078,28.022784795512884,49,27.978006951825854,0.9984020915831963,0.5043499454151543,0.008717666067646512,1,"{('buyer', 'random-buyer'): {'profit': 10.616919985902161, 'count': 4}, ('buyer', 'ppobuyer'): {'profit': 3.558360282357447, 'count': 1}, ('seller', 'random-seller'): {'profit': 13.802726683566243, 'count': 5}}"
155,50,0.5030877155473998,25.98904178867439,49,25.835274609524774,0.9940833840508647,0.474219875259835,0.02886784028756484,1,"{('buyer', 'random-buyer'): {'profit': 9.881991404755931, 'count': 4}, ('buyer', 'ppobuyer'): {'profit': 3.7932132472883615, 'count': 1}, ('seller', 'random-seller'): {'profit': 12.160069957480479, 'count': 5}}"
156,50,0.5036073939010656,25.984179534019646,46,25.459318656945616,0.9798007523621495,0.47719847050164643,0.026408923399419137,4,"{('buyer', 'random-buyer'): {'profit': 10.173352820835438, 'count': 4}, ('buyer', 'ppobuyer'): {'profit': 2.66457335008936, 'count': 1}, ('seller', 'random-seller'): {'profit': 12.621392486020817, 'count': 5}}"
157,50,0.5030006967071714,24.35264567230301,46,23.749613274596484,0.9752374996203238,0.48873259926632806,0.014268097440843341,4,"{('buyer', 'random-buyer'): {'profit': 8.916443786681196, 'count': 4}, ('buyer', 'ppobuyer'): {'profit': 2.805501388650719, 'count': 1}, ('seller', 'random-seller'): {'profit': 12.02766809926457, 'count': 5}}"
158,50,0.49591891626686935,24.981784799183593,49,24.85094238007824,0.9947624871418463,0.4738524435531938,0.022066472713675567,1,"{('buyer', 'random-buyer'): {'profit': 10.330414820150303, 'count': 4}, ('buyer', 'ppobuyer'): {'profit': 3.5018635176055755, 'count': 1}, ('seller', 'random-seller'): {'profit': 11.018664042322364, 'count': 5}}"
159,50,0.49806156589647455,24.3760942523199,47,24.210945952798646,0.9932249892943561,0.4719222159658239,0.026139349930650646,3,"{('buyer', 'random-buyer'): {'profit': 10.527603755327155, 'count': 4}, ('buyer', 'ppobuyer'): {'profit': 2.4481112134642995, 'count': 1}, ('seller', 'random-seller'): {'profit': 11.235230984007194, 'count': 5}}"
160,50,0.5072737975730535,26.208523291450128,49,26.13417337958402,0.9971631399816272,0.4592754416314921,0.04799835594156138,1,"{('buyer', 'random-buyer'): {'profit': 10.747937536909753, 'count': 4}, ('buyer', 'ppobuyer'): {'profit': 4.067297714037348, 'count': 1}, ('seller', 'random-seller'): {'profit': 11.318938128636917, 'count': 5}}"
161,50,0.4900323337717596,25.085073401499834,48,24.955263542628977,0.9948252151072798,0.46315805103565816,0.02687428273610143,2,"{('buyer', 'random-buyer'): {'profit': 9.783950219524806, 'count': 4}, ('buyer', 'ppobuyer'): {'profit': 2.8178596183126676, 'count': 1}, ('seller', 'random-seller'): {'profit': 12.353453704791505, 'count': 5}}"
162,50,0.4968750905383731,29.438073585165988,49,29.247515673306815,0.9935268212674352,0.48264029302883343,0.014234797509539654,1,"{('buyer', 'random-buyer'): {'profit': 11.805804025284822, 'count': 4}, ('buyer', 'ppobuyer'): {'profit': 3.587399297218008, 'count': 1}, ('seller', 'random-seller'): {'profit': 13.854312350803983, 'count': 5}}"
163,50,0.5005842704589768,20.360645210902206,44,19.311762653024108,0.9484848074796535,0.4882290107738206,0.012355259685156217,6,"{('buyer', 'random-buyer'): {'profit': 8.301315998637175, 'count': 4}, ('buyer', 'ppobuyer'): {'profit': 1.6939574693828225, 'count': 1}, ('seller', 'random-seller'): {'profit': 9.316489185004109, 'count': 5}}"
164,50,0.4971143706824018,26.315668374394498,46,25.78804435246931,0.9799501949021909,0.4774133116622515,0.01970105902015029,4,"{('buyer', 'random-buyer'): {'profit': 11.168384992938458, 'count': 4}, ('buyer', 'ppobuyer'): {'profit': 2.5678004592276773, 'count': 1}, ('seller', 'random-seller'): {'profit': 12.051858900303174, 'count': 5}}"
165,50,0.4980442684114969,26.24033708244485,47,25.61316529751607,0.9760989432811682,0.503681941264717,0.005637672853220088,3,"{('buyer', 'random-buyer'): {'profit': 10.54611333757484, 'count': 4}, ('buyer', 'ppobuyer'): {'profit': 3.0953410547282516, 'count': 1}, ('seller', 'random-seller'): {'profit': 11.971710905212978, 'count': 5}}"
166,50,0.4898216878728464,25.903966181607366,46,25.53158143275126,0.985624411866299,0.48422462343982337,0.005597064433023047,4,"{('buyer', 'random-buyer'): {'profit': 10.469643026508722, 'count': 4}, ('buyer', 'ppobuyer'): {'profit': 2.4298881079799717, 'count': 1}, ('seller', 'random-seller'): {'profit': 12.632050298262564, 'count': 5}}"
167,50,0.5110496868233373,26.254081630254177,49,26.041208615285043,0.991891812558249,0.47971377846491287,0.031335908358424425,1,"{('buyer', 'random-buyer'): {'profit': 10.005327161061066, 'count': 4}, ('buyer', 'ppobuyer'): {'profit': 3.3503870578937356, 'count': 1}, ('seller', 'random-seller'): {'profit': 12.685494396330242, 'count': 5}}"
168,50,0.5005759704227506,26.811229109890252,48,26.772215383446074,0.9985448736317059,0.4655372939059341,0.03503867651681647,2,"{('buyer', 'random-buyer'): {'profit': 11.038975831741912, 'count': 4}, ('buyer', 'ppobuyer'): {'profit': 3.374380666819668, 'count': 1}, ('seller', 'random-seller'): {'profit': 12.358858884884496, 'count': 5}}"
169,50,0.49662881986685453,25.315554574673126,46,24.778208947692896,0.9787740922129426,0.5123923579839014,0.015763538117046838,4,"{('buyer', 'random-buyer'): {'profit': 10.354678116375599, 'count': 4}, ('buyer', 'ppobuyer'): {'profit': 2.4859331775086178, 'count': 1}, ('seller', 'random-seller'): {'profit': 11.93759765380868, 'count': 5}}"
170,50,0.5036436889433821,26.742516342039796,50,26.742516342039806,1.0000000000000004,0.4863535078310302,0.017290181112351866,0,"{('buyer', 'random-buyer'): {'profit': 10.144441333363414, 'count': 4}, ('buyer', 'ppobuyer'): {'profit': 3.6812404241407157, 'count': 1}, ('seller', 'random-seller'): {'profit': 12.916834584535676, 'count': 5}}"
171,50,0.5188582113782916,26.353432542649283,47,26.077004894989535,0.9895107535911161,0.5157917248145742,0.00306648656371733,3,"{('buyer', 'random-buyer'): {'profit': 9.597490545222994, 'count': 4}, ('buyer', 'ppobuyer'): {'profit': 3.151493261907045, 'count': 1}, ('seller', 'random-seller'): {'profit': 13.328021087859499, 'count': 5}}"
172,50,0.5021376027273594,29.194796688203812,47,28.700749279757467,0.9830775526980818,0.4906842801131453,0.011453322614214112,3,"{('buyer', 'random-buyer'): {'profit': 12.077900840661606, 'count': 4}, ('buyer', 'ppobuyer'): {'profit': 2.859583177267334, 'count': 1}, ('seller', 'random-seller'): {'profit': 13.763265261828526, 'count': 5}}"
173,50,0.5029881350207708,24.648461142862047,46,24.198002968347843,0.9817246938093476,0.5118606546084368,0.008872519587665995,4,"{('buyer', 'random-buyer'): {'profit': 8.954172396541276, 'count': 4}, ('buyer', 'ppobuyer'): {'profit': 2.4789740881496596, 'count': 1}, ('seller', 'random-seller'): {'profit': 12.76485648365691, 'count': 5}}"
174,50,0.5119725715313143,24.022009546504123,45,23.378590817290043,0.9732154494415428,0.4776045647961195,0.034368006735194745,5,"{('buyer', 'random-buyer'): {'profit': 10.351544530952621, 'count': 4}, ('buyer', 'ppobuyer'): {'profit': 2.0808231903942174, 'count': 1}, ('seller', 'random-seller'): {'profit': 10.946223095943203, 'count': 5}}"
175,50,0.5015661178620987,24.830116188491164,49,24.772610797330213,0.9976840466341593,0.49386590260628704,0.00770021525581166,1,"{('buyer', 'random-buyer'): {'profit': 9.656694546132416, 'count': 4}, ('buyer', 'ppobuyer'): {'profit': 3.501792141168343, 'count': 1}, ('seller', 'random-seller'): {'profit': 11.614124110029454, 'count': 5}}"
176,50,0.49108318854170374,23.994773673514757,48,23.914240573125884,0.9966437232755496,0.46758856277811667,0.023494625763587074,2,"{('buyer', 'random-buyer'): {'profit': 9.852643397916278, 'count': 4}, ('buyer', 'ppobuyer'): {'profit': 2.723478209945706, 'count': 1}, ('seller', 'random-seller'): {'profit': 11.338118965263899, 'count': 5}}"
177,50,0.490366343418146,24.73585050938086,47,24.566742050318453,0.9931634265416395,0.5178051722163651,0.027438828798219128,3,"{('buyer', 'random-buyer'): {'profit': 8.30832817786455, 'count': 4}, ('buyer', 'ppobuyer'): {'profit': 2.8709516967078113, 'count': 1}, ('seller', 'random-seller'): {'profit': 13.387462175746094, 'count': 5}}"
178,50,0.4970765542249611,21.901318706191667,46,21.640981367122208,0.9881131660352552,0.5119552518561875,0.0148786976312264,4,"{('buyer', 'random-buyer'): {'profit': 7.763804165405579, 'count': 4}, ('buyer', 'ppobuyer'): {'profit': 3.1697991895841957, 'count': 1}, ('seller', 'random-seller'): {'profit': 10.707378012132434, 'count': 5}}"
179,50,0.5052580422017586,22.28922339910881,43,21.50096382180996,0.9646349465306914,0.4834559246714617,0.021802117530296927,7,"{('buyer', 'random-buyer'): {'profit': 9.494969086415367, 'count': 4}, ('buyer', 'ppobuyer'): {'profit': 1.379478734629673, 'count': 1}, ('seller', 'random-seller'): {'profit': 10.626516000764923, 'count': 5}}"
180,50,0.5020874257664566,25.07449768807981,46,24.509040454934247,0.9774489108344382,0.48261787499410164,0.01946955077235496,4,"{('buyer', 'random-buyer'): {'profit': 10.308596852635551, 'count': 4}, ('buyer', 'ppobuyer'): {'profit': 2.8176819974946783, 'count': 1}, ('seller', 'random-seller'): {'profit': 11.382761604804017, 'count': 5}}"
181,50,0.49906799430651866,23.567322002112395,45,22.511646049803563,0.9552059435427492,0.4864668281858097,0.01260116612070894,5,"{('buyer', 'random-buyer'): {'profit': 9.557485850021568, 'count': 4}, ('buyer', 'ppobuyer'): {'profit': 2.1964808948554477, 'count': 1}, ('seller', 'random-seller'): {'profit': 10.757679304926548, 'count': 5}}"
182,50,0.49723313982432077,25.74019751027601,47,25.346248203736142,0.9846951715742432,0.5131167040166386,0.01588356419231779,3,"{('buyer', 'random-buyer'): {'profit': 9.371780257148341, 'count': 4}, ('buyer', 'ppobuyer'): {'profit': 2.3982574346533863, 'count': 1}, ('seller', 'random-seller'): {'profit': 13.576210511934415, 'count': 5}}"
183,50,0.49940461129823377,26.868743875804537,49,26.720609599253315,0.9944867435100077,0.493609081842465,0.0057955294557687775,1,"{('buyer', 'random-buyer'): {'profit': 10.49082292335107, 'count': 4}, ('buyer', 'ppobuyer'): {'profit': 3.7736011498334605, 'count': 1}, ('seller', 'random-seller'): {'profit': 12.456185526068783, 'count': 5}}"
184,50,0.4970557210264527,24.85654612356722,48,24.51149348450878,0.9861182387390787,0.4796215373544805,0.017434183671972192,2,"{('buyer', 'random-buyer'): {'profit': 10.284213997985267, 'count': 4}, ('buyer', 'ppobuyer'): {'profit': 3.699685905244962, 'count': 1}, ('seller', 'random-seller'): {'profit': 10.52759358127855, 'count': 5}}"
185,50,0.5129774819656602,26.676198535856358,50,26.67619853585635,0.9999999999999998,0.494111072030003,0.01886640993565719,0,"{('buyer', 'random-buyer'): {'profit': 10.503239519808709, 'count': 4}, ('buyer', 'ppobuyer'): {'profit': 3.4128395821864927, 'count': 1}, ('seller', 'random-seller'): {'profit': 12.760119433861151, 'count': 5}}"
186,50,0.496112519852386,25.427864605836486,46,24.938997599090833,0.9807743585895355,0.4868876470302619,0.009224872822124142,4,"{('buyer', 'random-buyer'): {'profit': 10.728024851900575, 'count': 4}, ('buyer', 'ppobuyer'): {'profit': 2.167422267803855, 'count': 1}, ('seller', 'random-seller'): {'profit': 12.043550479386406, 'count': 5}}"
187,50,0.4931796973659812,26.733795943411888,45,25.93622319856624,0.9701661243119424,0.47338148896358145,0.019798208402399764,5,"{('buyer', 'random-buyer'): {'profit': 11.280919947801477, 'count': 4}, ('buyer', 'ppobuyer'): {'profit': 2.433450029798697, 'count': 1}, ('seller', 'random-seller'): {'profit': 12.221853220966064, 'count': 5}}"
188,50,0.5011628848707862,24.481851978883416,47,24.1741827458643,0.9874327631224756,0.5139496765511726,0.012786791680386433,3,"{('buyer', 'random-buyer'): {'profit': 9.310323731988298, 'count': 4}, ('buyer', 'ppobuyer'): {'profit': 2.985093184950063, 'count': 1}, ('seller', 'random-seller'): {'profit': 11.878765828925939, 'count': 5}}"
189,50,0.5001982445841658,23.932465523929356,47,23.530804240999984,0.9832168865958352,0.5033812794489528,0.0031830348647869933,3,"{('buyer', 'random-buyer'): {'profit': 8.990610570066767, 'count': 4}, ('buyer', 'ppobuyer'): {'profit': 2.975392790368511, 'count': 1}, ('seller', 'random-seller'): {'profit': 11.564800880564704, 'count': 5}}"
190,50,0.509484823886314,24.16397920792675,45,23.506071856083985,0.9727732197507045,0.4952843705704585,0.01420045331585551,5,"{('buyer', 'random-buyer'): {'profit': 10.426845180067922, 'count': 4}, ('buyer', 'ppobuyer'): {'profit': 2.2440426202912325, 'count': 1}, ('seller', 'random-seller'): {'profit': 10.835184055724833, 'count': 5}}"
191,50,0.5027709699180527,25.199900303797463,48,25.053876555058835,0.9942053838714344,0.5092689968380406,0.006498026919987909,2,"{('buyer', 'random-buyer'): {'profit': 10.132183048615865, 'count': 4}, ('buyer', 'ppobuyer'): {'profit': 2.982937868496809, 'count': 1}, ('seller', 'random-seller'): {'profit': 11.938755637946162, 'count': 5}}"
192,50,0.5068205079074751,23.116487133647478,48,22.95102954801324,0.9928424425096404,0.4859093098676221,0.02091119803985303,2,"{('buyer', 'random-buyer'): {'profit': 8.449836356820507, 'count': 4}, ('buyer', 'ppobuyer'): {'profit': 2.8130722023710812, 'count': 1}, ('seller', 'random-seller'): {'profit': 11.688120988821648, 'count': 5}}"
193,50,0.492594655629646,24.171994053992535,46,23.76105858806716,0.9829995214706956,0.4889144663363889,0.0036801892932570857,4,"{('buyer', 'random-buyer'): {'profit': 9.740697324808549, 'count': 4}, ('buyer', 'ppobuyer'): {'profit': 2.419636865800345, 'count': 1}, ('seller', 'random-seller'): {'profit': 11.600724397458269, 'count': 5}}"
194,50,0.5002641717895381,24.265840377161123,49,24.259389917107768,0.999734175287025,0.49861270100790195,0.001651470781636133,1,"{('buyer', 'random-buyer'): {'profit': 8.215712458813181, 'count': 4}, ('buyer', 'ppobuyer'): {'profit': 3.779522149794434, 'count': 1}, ('seller', 'random-seller'): {'profit': 12.264155308500154, 'count': 5}}"
195,50,0.504874365228425,24.304892008642515,47,23.898835830332494,0.9832932325654592,0.47197061359293246,0.03290375163549253,3,"{('buyer', 'random-buyer'): {'profit': 10.192624331079886, 'count': 4}, ('buyer', 'ppobuyer'): {'profit': 2.7758181389305863, 'count': 1}, ('seller', 'random-seller'): {'profit': 10.93039336032202, 'count': 5}}"
196,50,0.4962230494420708,27.58360591643981,47,27.19965524305392,0.9860804756800466,0.48932834532919417,0.006894704112876626,3,"{('buyer', 'random-buyer'): {'profit': 10.425891137376091, 'count': 4}, ('buyer', 'ppobuyer'): {'profit': 2.732045123224148, 'count': 1}, ('seller', 'random-seller'): {'profit': 14.041718982453679, 'count': 5}}"
197,50,0.4948475108314234,24.933672407339333,49,24.892843987935017,0.99836251881643,0.5207011849214508,0.025853674090027368,1,"{('buyer', 'random-buyer'): {'profit': 9.295601569753115, 'count': 4}, ('buyer', 'ppobuyer'): {'profit': 2.8862792701527393, 'count': 1}, ('seller', 'random-seller'): {'profit': 12.710963148029162, 'count': 5}}"
198,50,0.5114871440208487,25.638874818842492,47,25.3344324497197,0.9881257515677305,0.48166548571621765,0.02982165830463107,3,"{('buyer', 'random-buyer'): {'profit': 10.765747538542222, 'count': 4}, ('buyer', 'ppobuyer'): {'profit': 2.5252570786042536, 'count': 1}, ('seller', 'random-seller'): {'profit': 12.043427832573224, 'count': 5}}"
199,50,0.5024028439376849,24.534607043399873,47,24.39683434140746,0.9943845564044004,0.5063680652675568,0.003965221329871982,3,"{('buyer', 'random-buyer'): {'profit': 9.972665234537043, 'count': 4}, ('buyer', 'ppobuyer'): {'profit': 2.7654811971345716, 'count': 1}, ('seller', 'random-seller'): {'profit': 11.658687909735844, 'count': 5}}"
200,50,0.5003509535686232,23.40036998715663,43,22.704551207934312,0.970264624892503,0.4853334453121947,0.015017508256428558,7,"{('buyer', 'random-buyer'): {'profit': 10.997142419048132, 'count': 4}, ('buyer', 'ppobuyer'): {'profit': 0.8328691646697771, 'count': 1}, ('seller', 'random-seller'): {'profit': 10.874539624216403, 'count': 5}}"
201,50,0.5027638136238957,24.81864823362233,46,24.24284452609016,0.976799554024376,0.49135643059545553,0.011407383028440132,4,"{('buyer', 'random-buyer'): {'profit': 10.017298792298806, 'count': 4}, ('buyer', 'ppobuyer'): {'profit': 2.347807811551982, 'count': 1}, ('seller', 'random-seller'): {'profit': 11.877737922239373, 'count': 5}}"
202,50,0.5006433338528751,24.43633720627283,46,24.048617593874734,0.9841334808434969,0.4786469389379881,0.021996394914886974,4,"{('buyer', 'random-buyer'): {'profit': 10.198002653912992, 'count': 4}, ('buyer', 'ppobuyer'): {'profit': 2.4695371979958307, 'count': 1}, ('seller', 'random-seller'): {'profit': 11.381077741965912, 'count': 5}}"
203,50,0.5014445173865878,25.949486329701042,46,25.45807563610256,0.981062796875635,0.47905325333180554,0.022391264054782256,4,"{('buyer', 'random-buyer'): {'profit': 10.459138845911077, 'count': 4}, ('buyer', 'ppobuyer'): {'profit': 2.6939699028496884, 'count': 1}, ('seller', 'random-seller'): {'profit': 12.304966887341795, 'count': 5}}"
204,50,0.5099451114892126,25.02935789600513,48,24.879464836486605,0.994011310232515,0.4877574700350568,0.022187641454155804,2,"{('buyer', 'random-buyer'): {'profit': 9.948399353550442, 'count': 4}, ('buyer', 'ppobuyer'): {'profit': 3.404314339297081, 'count': 1}, ('seller', 'random-seller'): {'profit': 11.52675114363908, 'count': 5}}"
205,50,0.5042483192038802,26.04803695503564,49,25.863954555294345,0.9929329645815897,0.4851340292262037,0.019114289977676557,1,"{('buyer', 'random-buyer'): {'profit': 9.90524189946972, 'count': 4}, ('buyer', 'ppobuyer'): {'profit': 3.6752892819665837, 'count': 1}, ('seller', 'random-seller'): {'profit': 12.283423373858042, 'count': 5}}"
206,50,0.5031265789855417,23.709839231895035,48,23.623462471604853,0.9963569234086587,0.4914380690723809,0.011688509913160783,2,"{('buyer', 'random-buyer'): {'profit': 9.512217090336698, 'count': 4}, ('buyer', 'ppobuyer'): {'profit': 3.1167698650293385, 'count': 1}, ('seller', 'random-seller'): {'profit': 10.994475516238815, 'count': 5}}"
207,50,0.49744167099789804,25.768662699682736,47,25.60650788549517,0.993707286401418,0.47164595044790397,0.025795720549994072,3,"{('buyer', 'random-buyer'): {'profit': 10.75939563957684, 'count': 4}, ('buyer', 'ppobuyer'): {'profit': 2.8231599807399115, 'count': 1}, ('seller', 'random-seller'): {'profit': 12.02395226517842, 'count': 5}}"
208,50,0.5001022622103748,24.47609287886707,47,24.262429317506943,0.9912705200777936,0.47714067162330964,0.02296159058706515,3,"{('buyer', 'random-buyer'): {'profit': 9.749386349493719, 'count': 4}, ('buyer', 'ppobuyer'): {'profit': 3.0484501077583186, 'count': 1}, ('seller', 'random-seller'): {'profit': 11.464592860254903, 'count': 5}}"
209,50,0.5036203260436519,27.264004556904784,47,27.109493608164314,0.9943327859846128,0.47469786034275435,0.02892246570089757,3,"{('buyer', 'random-buyer'): {'profit': 10.956503651254302, 'count': 4}, ('buyer', 'ppobuyer'): {'profit': 3.255012523106755, 'count': 1}, ('seller', 'random-seller'): {'profit': 12.897977433803257, 'count': 5}}"
210,50,0.5002591189392651,23.616445339535897,46,23.219532003918196,0.9831933498072534,0.4964651998040409,0.0037939191352241997,4,"{('buyer', 'random-buyer'): {'profit': 8.604856877934518, 'count': 4}, ('buyer', 'ppobuyer'): {'profit': 3.147536622587784, 'count': 1}, ('seller', 'random-seller'): {'profit': 11.467138503395894, 'count': 5}}"
211,50,0.5072595137957985,25.895713851025278,44,25.23690536638594,0.9745591688095807,0.5044850750710558,0.0027744387247427005,6,"{('buyer', 'random-buyer'): {'profit': 10.961011061791126, 'count': 4}, ('buyer', 'ppobuyer'): {'profit': 1.752753038285403, 'count': 1}, ('seller', 'random-seller'): {'profit': 12.523141266309413, 'count': 5}}"
212,50,0.5002896725357211,24.959571553233946,43,24.161271373305986,0.968016270702991,0.4874496230297262,0.012840049505994877,7,"{('buyer', 'random-buyer'): {'profit': 10.75888852295298, 'count': 4}, ('buyer', 'ppobuyer'): {'profit': 1.628547000869193, 'count': 1}, ('seller', 'random-seller'): {'profit': 11.773835849483813, 'count': 5}}"
213,50,0.484354186414361,21.319355099354937,44,20.526106032607146,0.9627920702548929,0.4775145267684799,0.006839659645881124,6,"{('buyer', 'random-buyer'): {'profit': 8.399135874821727, 'count': 4}, ('buyer', 'ppobuyer'): {'profit': 1.4220501606669775, 'count': 1}, ('seller', 'random-seller'): {'profit': 10.704919997118443, 'count': 5}}"
214,50,0.5011801183729656,23.821598164399955,48,23.695211619694433,0.9946944556854125,0.5062542639019064,0.00507414552894081,2,"{('buyer', 'random-buyer'): {'profit': 9.070511919772185, 'count': 4}, ('buyer', 'ppobuyer'): {'profit': 3.26461073678131, 'count': 1}, ('seller', 'random-seller'): {'profit': 11.36008896314094, 'count': 5}}"
215,50,0.4987709313430274,25.38364782937419,47,25.016624963779037,0.9855409723589676,0.4691469237418034,0.029624007601224023,3,"{('buyer', 'random-buyer'): {'profit': 9.909473550597397, 'count': 4}, ('buyer', 'ppobuyer'): {'profit': 2.8757241844048442, 'count': 1}, ('seller', 'random-seller'): {'profit': 12.231427228776793, 'count': 5}}"
216,50,0.5028625132631035,24.33398270865516,48,24.094428221114317,0.9901555577478224,0.4726324215342333,0.0302300917288702,2,"{('buyer', 'random-buyer'): {'profit': 10.327647909995397, 'count': 4}, ('buyer', 'ppobuyer'): {'profit': 2.433627023740123, 'count': 1}, ('seller', 'random-seller'): {'profit': 11.333153287378796, 'count': 5}}"
217,50,0.501356822630703,24.7525603841596,46,24.101352489508994,0.9736912915454456,0.49308211170363203,0.008274710927070994,4,"{('buyer', 'random-buyer'): {'profit': 9.886959978349449, 'count': 4}, ('buyer', 'ppobuyer'): {'profit': 2.4785375707068895, 'count': 1}, ('seller', 'random-seller'): {'profit': 11.735854940452656, 'count': 5}}"
218,50,0.5049814713051016,28.0284266654003,47,27.796628915575337,0.9917299050498933,0.4920968419547744,0.012884629350327248,3,"{('buyer', 'random-buyer'): {'profit': 12.29229842012738, 'count': 4}, ('buyer', 'ppobuyer'): {'profit': 2.516098417064343, 'count': 1}, ('seller', 'random-seller'): {'profit': 12.988232078383612, 'count': 5}}"
219,50,0.5045456845422753,25.944572171089472,46,25.52874151494078,0.9839723448355004,0.4904539690584791,0.01409171548379623,4,"{('buyer', 'random-buyer'): {'profit': 10.372194477426026, 'count': 4}, ('buyer', 'ppobuyer'): {'profit': 2.496469985278018, 'count': 1}, ('seller', 'random-seller'): {'profit': 12.660077052236735, 'count': 5}}"
220,50,0.50299983506665,25.387174545794718,47,24.932641464991775,0.9820959563663522,0.5131412016977629,0.01014136663111287,3,"{('buyer', 'random-buyer'): {'profit': 9.81837733711004, 'count': 4}, ('buyer', 'ppobuyer'): {'profit': 2.9605119664015387, 'count': 1}, ('seller', 'random-seller'): {'profit': 12.153752161480195, 'count': 5}}"
221,50,0.49803447091958064,23.95071289442501,48,23.87423382652006,0.996806814551113,0.495100084213913,0.0029343867056676465,2,"{('buyer', 'random-buyer'): {'profit': 9.076063310524605, 'count': 4}, ('buyer', 'ppobuyer'): {'profit': 3.5067260789936756, 'count': 1}, ('seller', 'random-seller'): {'profit': 11.291444437001783, 'count': 5}}"
222,50,0.4989224777958424,26.162121727529634,48,26.060953406012917,0.9961330230563731,0.5039853833364366,0.005062905540594187,2,"{('buyer', 'random-buyer'): {'profit': 9.745219699136204, 'count': 4}, ('buyer', 'ppobuyer'): {'profit': 3.2295820990985367, 'count': 1}, ('seller', 'random-seller'): {'profit': 13.086151607778177, 'count': 5}}"
223,50,0.5018544983044154,26.70692294780741,49,26.688774919835204,0.9993204747694944,0.4399662350146734,0.06188826328974201,1,"{('buyer', 'random-buyer'): {'profit': 11.241232069896457, 'count': 4}, ('buyer', 'ppobuyer'): {'profit': 4.040618612963109, 'count': 1}, ('seller', 'random-seller'): {'profit': 11.406924236975636, 'count': 5}}"
224,50,0.5010303926333716,23.223293841466305,45,22.053142400691403,0.949613028678751,0.4899221581541804,0.011108234479191181,5,"{('buyer', 'random-buyer'): {'profit': 9.452308685834057, 'count': 4}, ('buyer', 'ppobuyer'): {'profit': 2.4397925387089954, 'count': 1}, ('seller', 'random-seller'): {'profit': 10.161041176148352, 'count': 5}}"
225,50,0.49728538983309134,27.51683135367646,47,26.844812888497962,0.9755779124223651,0.5329151707307563,0.035629780897665,3,"{('buyer', 'random-buyer'): {'profit': 9.842945846437855, 'count': 4}, ('buyer', 'ppobuyer'): {'profit': 3.257493358209627, 'count': 1}, ('seller', 'random-seller'): {'profit': 13.74437368385048, 'count': 5}}"
226,50,0.4967073698822534,23.498744783237413,47,23.21543998785821,0.9879438328305393,0.5058109368920977,0.009103567009844271,3,"{('buyer', 'random-buyer'): {'profit': 9.368307955408214, 'count': 4}, ('buyer', 'ppobuyer'): {'profit': 2.7918433858378053, 'count': 1}, ('seller', 'random-seller'): {'profit': 11.055288646612192, 'count': 5}}"
227,50,0.4965346980508706,25.056365045457444,48,24.92023306967325,0.9945669702873015,0.492818482609462,0.003716215441408599,2,"{('buyer', 'random-buyer'): {'profit': 9.940290503659234, 'count': 4}, ('buyer', 'ppobuyer'): {'profit': 2.8316336036931906, 'count': 1}, ('seller', 'random-seller'): {'profit': 12.148308962320826, 'count': 5}}"
228,50,0.5019498978856882,25.740360330989486,46,25.349425548968963,0.984812381140218,0.515478544010173,0.013528646124484789,4,"{('buyer', 'random-buyer'): {'profit': 9.897786641226887, 'count': 4}, ('buyer', 'ppobuyer'): {'profit': 2.3522137104969825, 'count': 1}, ('seller', 'random-seller'): {'profit': 13.099425197245093, 'count': 5}}"
229,50,0.4982020109722768,25.514123451285567,46,24.944135798947325,0.9776599163429414,0.48910898497944033,0.009093025992836457,4,"{('buyer', 'random-buyer'): {'profit': 10.063467983812792, 'count': 4}, ('buyer', 'ppobuyer'): {'profit': 2.9747181681175787, 'count': 1}, ('seller', 'random-seller'): {'profit': 11.905949647016953, 'count': 5}}"
230,50,0.4951465577639703,23.309332882720398,49,23.24457361992631,0.9972217453360883,0.47144789919128627,0.02369865857268405,1,"{('buyer', 'random-buyer'): {'profit': 8.939797785802673, 'count': 4}, ('buyer', 'ppobuyer'): {'profit': 3.531892629741038, 'count': 1}, ('seller', 'random-seller'): {'profit': 10.772883204382598, 'count': 5}}"
231,50,0.4972416913025821,23.77664985931632,45,23.40752271191631,0.9844752246601565,0.4786480478133718,0.018593643489210332,5,"{('buyer', 'random-buyer'): {'profit': 10.459099302045011, 'count': 4}, ('buyer', 'ppobuyer'): {'profit': 2.4677037826406343, 'count': 1}, ('seller', 'random-seller'): {'profit': 10.480719627230666, 'count': 5}}"
232,50,0.49145321079240445,26.46896767573948,49,26.387103553685918,0.9969071660422708,0.4924664778698696,0.0010132670774651298,1,"{('buyer', 'random-buyer'): {'profit': 9.66238580275346, 'count': 4}, ('buyer', 'ppobuyer'): {'profit': 3.606326730878694, 'count': 1}, ('seller', 'random-seller'): {'profit': 13.118391020053764, 'count': 5}}"
233,50,0.5014744335808076,23.065865443324476,45,22.422458833997368,0.972105680972256,0.4936818352983149,0.00779259828249268,5,"{('buyer', 'random-buyer'): {'profit': 8.572233855225129, 'count': 4}, ('buyer', 'ppobuyer'): {'profit': 2.515560493004387, 'count': 1}, ('seller', 'random-seller'): {'profit': 11.334664485767853, 'count': 5}}"
234,50,0.5027498492034299,22.907107650562292,48,22.840701039728643,0.9971010477688125,0.4868528438303768,0.015897005373053108,2,"{('buyer', 'random-buyer'): {'profit': 9.434107107588227, 'count': 4}, ('buyer', 'ppobuyer'): {'profit': 2.387852651978712, 'count': 1}, ('seller', 'random-seller'): {'profit': 11.018741280161704, 'count': 5}}"
235,50,0.5021254579304604,24.04707617633761,48,23.96933721497396,0.9967672177360113,0.4933591866377817,0.008766271292678651,2,"{('buyer', 'random-buyer'): {'profit': 9.211056504805168, 'count': 4}, ('buyer', 'ppobuyer'): {'profit': 2.878407528567566, 'count': 1}, ('seller', 'random-seller'): {'profit': 11.87987318160123, 'count': 5}}"
236,50,0.4945977396779582,24.803266377986493,48,24.602537866534007,0.991907174305452,0.5010886151822626,0.006490875504304328,2,"{('buyer', 'random-buyer'): {'profit': 9.394262245666003, 'count': 4}, ('buyer', 'ppobuyer'): {'profit': 3.3053342984172818, 'count': 1}, ('seller', 'random-seller'): {'profit': 11.902941322450722, 'count': 5}}"
237,50,0.4994282170328629,22.814939562908364,48,22.676305505567875,0.9939235404521573,0.4799637946614947,0.019464422371368195,2,"{('buyer', 'random-buyer'): {'profit': 8.428964359623162, 'count': 4}, ('buyer', 'ppobuyer'): {'profit': 2.9974721428126982, 'count': 1}, ('seller', 'random-seller'): {'profit': 11.249869003132014, 'count': 5}}"
238,50,0.4950178593359238,25.329045618419308,46,24.631580194524503,0.9724638095567404,0.49846540374641085,0.003447544410487058,4,"{('buyer', 'random-buyer'): {'profit': 9.87612373592286, 'count': 4}, ('buyer', 'ppobuyer'): {'profit': 2.5230116958005633, 'count': 1}, ('seller', 'random-seller'): {'profit': 12.232444762801078, 'count': 5}}"
239,50,0.5005807522903336,27.478110899707396,47,27.099362539635607,0.9862163610353643,0.47549717439250866,0.02508357789782495,3,"{('buyer', 'random-buyer'): {'profit': 10.490258301360326, 'count': 4}, ('buyer', 'ppobuyer'): {'profit': 3.3039725816879444, 'count': 1}, ('seller', 'random-seller'): {'profit': 13.305131656587335, 'count': 5}}"
240,50,0.4951485895651537,24.250291451312414,48,24.12255734561076,0.994732677503769,0.5033157870475679,0.008167197482414179,2,"{('buyer', 'random-buyer'): {'profit': 9.41718161522806, 'count': 4}, ('buyer', 'ppobuyer'): {'profit': 2.983858625319626, 'count': 1}, ('seller', 'random-seller'): {'profit': 11.721517105063072, 'count': 5}}"
241,50,0.5111852228444738,25.8058404952323,48,25.56269012540455,0.990577700041482,0.5235706630013818,0.012385440156908012,2,"{('buyer', 'random-buyer'): {'profit': 8.992016654986779, 'count': 4}, ('buyer', 'ppobuyer'): {'profit': 3.330818607767036, 'count': 1}, ('seller', 'random-seller'): {'profit': 13.239854862650734, 'count': 5}}"
242,50,0.4908330636821294,23.20967577842907,48,23.11679299797087,0.9959981009064967,0.47947747736094026,0.01135558632118916,2,"{('buyer', 'random-buyer'): {'profit': 8.887688060409667, 'count': 4}, ('buyer', 'ppobuyer'): {'profit': 2.795031800938153, 'count': 1}, ('seller', 'random-seller'): {'profit': 11.434073136623049, 'count': 5}}"
243,50,0.49544543245358086,25.160004160420105,47,24.82331104882148,0.9866179230555023,0.4771240967457018,0.018321335707879083,3,"{('buyer', 'random-buyer'): {'profit': 9.825521171333577, 'count': 4}, ('buyer', 'ppobuyer'): {'profit': 2.6511356059450444, 'count': 1}, ('seller', 'random-seller'): {'profit': 12.346654271542858, 'count': 5}}"
244,50,0.4997977345567019,23.243511310449843,44,22.526601987466904,0.9691565825228553,0.4966046743704592,0.0031930601862427133,6,"{('buyer', 'random-buyer'): {'profit': 9.740382172394973, 'count': 4}, ('buyer', 'ppobuyer'): {'profit': 1.6615958134868167, 'count': 1}, ('seller', 'random-seller'): {'profit': 11.124624001585115, 'count': 5}}"
245,50,0.5008692483028706,25.200933587898458,46,24.478717831964687,0.9713417063135875,0.4836351345987615,0.0172341137041091,4,"{('buyer', 'random-buyer'): {'profit': 10.250972524672779, 'count': 4}, ('buyer', 'ppobuyer'): {'profit': 2.323611220709256, 'count': 1}, ('seller', 'random-seller'): {'profit': 11.904134086582651, 'count': 5}}"
246,50,0.49993578181507337,22.907713416416914,48,22.86875932646395,0.9982995208100933,0.4966379448279062,0.0032978369871671798,2,"{('buyer', 'random-buyer'): {'profit': 8.733199824168063, 'count': 4}, ('buyer', 'ppobuyer'): {'profit': 3.146368683158631, 'count': 1}, ('seller', 'random-seller'): {'profit': 10.98919081913726, 'count': 5}}"
247,50,0.500263364273327,26.220076772197306,48,26.11132417288115,0.995852315755556,0.512775348090173,0.01251198381684604,2,"{('buyer', 'random-buyer'): {'profit': 11.321993910049288, 'count': 4}, ('buyer', 'ppobuyer'): {'profit': 2.3059227397489805, 'count': 1}, ('seller', 'random-seller'): {'profit': 12.483407523082882, 'count': 5}}"
248,50,0.5061685337205547,23.67286123494065,47,23.336513400421833,0.9857918385453814,0.4875096201329058,0.01865891358764893,3,"{('buyer', 'random-buyer'): {'profit': 8.645681006915794, 'count': 4}, ('buyer', 'ppobuyer'): {'profit': 2.9439516816962557, 'count': 1}, ('seller', 'random-seller'): {'profit': 11.746880711809784, 'count': 5}}"
249,50,0.504189778842673,27.926567156015523,47,27.85331607488625,0.9973770109043463,0.49670067091627434,0.007489107926398675,3,"{('buyer', 'random-buyer'): {'profit': 9.698879903396278, 'count': 4}, ('buyer', 'ppobuyer'): {'profit': 3.646029534273755, 'count': 1}, ('seller', 'random-seller'): {'profit': 14.508406637216218, 'count': 5}}"
250,50,0.5056671455353616,23.55436026780267,44,22.913670814060673,0.9727995391741638,0.4802238636311277,0.02544328190423395,6,"{('buyer', 'random-buyer'): {'profit': 9.805796411880314, 'count': 4}, ('buyer', 'ppobuyer'): {'profit': 1.711128726395113, 'count': 1}, ('seller', 'random-seller'): {'profit': 11.396745675785247, 'count': 5}}"
251,50,0.4960217893292216,26.132511767847237,46,25.753739089551996,0.985505691850055,0.4975272437941873,0.0015054544649656942,4,"{('buyer', 'random-buyer'): {'profit': 9.520710249941406, 'count': 4}, ('buyer', 'ppobuyer'): {'profit': 2.209653880871665, 'count': 1}, ('seller', 'random-seller'): {'profit': 14.023374958738925, 'count': 5}}"
252,50,0.4985165693673227,22.977374606660963,47,22.866291902153847,0.9951655614965291,0.515144108719307,0.016627539351984355,3,"{('buyer', 'random-buyer'): {'profit': 8.295630602925229, 'count': 4}, ('buyer', 'ppobuyer'): {'profit': 2.6698406543450024, 'count': 1}, ('seller', 'random-seller'): {'profit': 11.900820644883618, 'count': 5}}"
253,50,0.4890306357909898,25.39442287877733,46,25.14248069343214,0.9900788379185517,0.47930919320993104,0.009721442581058781,4,"{('buyer', 'random-buyer'): {'profit': 10.492851183221376, 'count': 4}, ('buyer', 'ppobuyer'): {'profit': 2.6909980148833266, 'count': 1}, ('seller', 'random-seller'): {'profit': 11.958631495327436, 'count': 5}}"
254,50,0.5010993450658114,21.148356879328034,45,20.313054680957265,0.960502737723929,0.494642916333312,0.006456428732499464,5,"{('buyer', 'random-buyer'): {'profit': 9.227134363739168, 'count': 4}, ('buyer', 'ppobuyer'): {'profit': 2.106184003646562, 'count': 1}, ('seller', 'random-seller'): {'profit': 8.979736313571536, 'count': 5}}"
255,50,0.4931344922531777,25.992747466493878,47,25.731309248782406,0.9899418782855302,0.4787209963997663,0.014413495853411395,3,"{('buyer', 'random-buyer'): {'profit': 9.934740361753779, 'count': 4}, ('buyer', 'ppobuyer'): {'profit': 2.6283373026092995, 'count': 1}, ('seller', 'random-seller'): {'profit': 13.168231584419328, 'count': 5}}"
256,50,0.49910928936883703,25.491329231746203,45,24.755611875239822,0.9711385251895716,0.5025767882358404,0.0034674988670033713,5,"{('buyer', 'random-buyer'): {'profit': 10.365926337368633, 'count': 4}, ('buyer', 'ppobuyer'): {'profit': 2.5306578710459067, 'count': 1}, ('seller', 'random-seller'): {'profit': 11.85902766682528, 'count': 5}}"
257,50,0.5020559657227405,25.224585389833855,49,25.210512904000076,0.9994421123036793,0.5052610838410351,0.003205118118294603,1,"{('buyer', 'random-buyer'): {'profit': 8.54553358412073, 'count': 4}, ('buyer', 'ppobuyer'): {'profit': 3.887854382339402, 'count': 1}, ('seller', 'random-seller'): {'profit': 12.777124937539945, 'count': 5}}"
258,50,0.4996885840740747,23.853046102190216,46,23.450254065082582,0.9831136017017696,0.48966658152014014,0.01002200255393454,4,"{('buyer', 'random-buyer'): {'profit': 9.105003088235783, 'count': 4}, ('buyer', 'ppobuyer'): {'profit': 2.6393828163129784, 'count': 1}, ('seller', 'random-seller'): {'profit': 11.705868160533823, 'count': 5}}"
259,50,0.5006414707904079,25.77349071410279,48,25.731059031919642,0.9983536695648321,0.4885429645213603,0.012098506269047571,2,"{('buyer', 'random-buyer'): {'profit': 9.878870630522743, 'count': 4}, ('buyer', 'ppobuyer'): {'profit': 3.1034714584413274, 'count': 1}, ('seller', 'random-seller'): {'profit': 12.74871694295557, 'count': 5}}"
260,50,0.487216041885004,25.60585077978049,48,25.39730149923776,0.9918554051440692,0.48959947880222326,0.0023834369172192615,2,"{('buyer', 'random-buyer'): {'profit': 10.407017691722642, 'count': 4}, ('buyer', 'ppobuyer'): {'profit': 3.243168823271354, 'count': 1}, ('seller', 'random-seller'): {'profit': 11.747114984243764, 'count': 5}}"
261,50,0.5077842075262696,24.25406924843947,49,24.17863394520688,0.9968897877523193,0.4901538410457059,0.01763036648056371,1,"{('buyer', 'random-buyer'): {'profit': 10.37945874327145, 'count': 4}, ('buyer', 'ppobuyer'): {'profit': 3.04885821302097, 'count': 1}, ('seller', 'random-seller'): {'profit': 10.75031698891446, 'count': 5}}"
262,50,0.5003818758692232,27.168898317720902,50,27.168898317720902,1.0,0.49740549450758614,0.0029763813616370816,0,"{('buyer', 'random-buyer'): {'profit': 10.3468214219407, 'count': 4}, ('buyer', 'ppobuyer'): {'profit': 3.9283961309721427, 'count': 1}, ('seller', 'random-seller'): {'profit': 12.89368076480806, 'count': 5}}"
263,50,0.51097756892101,27.95905408308081,48,27.75844601552901,0.9928249336706567,0.4956736586188814,0.015303910302128576,2,"{('buyer', 'random-buyer'): {'profit': 11.467772083203585, 'count': 4}, ('buyer', 'ppobuyer'): {'profit': 2.6831387877687463, 'count': 1}, ('seller', 'random-seller'): {'profit': 13.607535144556678, 'count': 5}}"
264,50,0.5000432289987997,23.370267605736043,47,23.200398569900845,0.9927314039059825,0.48237946784799934,0.017663761150800372,3,"{('buyer', 'random-buyer'): {'profit': 9.930889071134926, 'count': 4}, ('buyer', 'ppobuyer'): {'profit': 2.183756850202413, 'count': 1}, ('seller', 'random-seller'): {'profit': 11.085752648563506, 'count': 5}}"
265,50,0.4973248192999518,23.30973862673452,45,23.007344302492747,0.9870271250534336,0.5006974508215506,0.003372631521598779,5,"{('buyer', 'random-buyer'): {'profit': 9.944953075685088, 'count': 4}, ('buyer', 'ppobuyer'): {'profit': 1.9329028083318271, 'count': 1}, ('seller', 'random-seller'): {'profit': 11.129488418475834, 'count': 5}}"
266,50,0.49720282360106605,23.894285601733856,47,23.76713803379109,0.9946787457862502,0.472585313837121,0.024617509763945056,3,"{('buyer', 'random-buyer'): {'profit': 9.21598552978319, 'count': 4}, ('buyer', 'ppobuyer'): {'profit': 3.0920418708065536, 'count': 1}, ('seller', 'random-seller'): {'profit': 11.459110633201345, 'count': 5}}"
267,50,0.5154454174795934,24.605361069223672,49,24.573443187409545,0.9987028078261346,0.5017153715919026,0.013730045887690778,1,"{('buyer', 'random-buyer'): {'profit': 8.679820630367194, 'count': 4}, ('buyer', 'ppobuyer'): {'profit': 3.190239170791673, 'count': 1}, ('seller', 'random-seller'): {'profit': 12.70338338625068, 'count': 5}}"
268,50,0.48991672066115155,24.617601572447906,49,24.52331303501993,0.9961698731230786,0.452351106040332,0.03756561462081953,1,"{('buyer', 'random-buyer'): {'profit': 9.104680910691936, 'count': 4}, ('buyer', 'ppobuyer'): {'profit': 3.395495726039197, 'count': 1}, ('seller', 'random-seller'): {'profit': 12.023136398288798, 'count': 5}}"
269,50,0.4984077222864639,23.41889183777723,48,23.25975640806821,0.9932048266497256,0.4794025633334029,0.019005158953060985,2,"{('buyer', 'random-buyer'): {'profit': 9.253901080568916, 'count': 4}, ('buyer', 'ppobuyer'): {'profit': 3.2119945962877674, 'count': 1}, ('seller', 'random-seller'): {'profit': 10.793860731211527, 'count': 5}}"
270,50,0.4947526997962639,23.7845838528323,49,23.73661768197202,0.9979833083834021,0.47249959506708433,0.022253104729179574,1,"{('buyer', 'random-buyer'): {'profit': 8.33281051740904, 'count': 4}, ('buyer', 'ppobuyer'): {'profit': 3.871258230044982, 'count': 1}, ('seller', 'random-seller'): {'profit': 11.532548934518001, 'count': 5}}"
271,50,0.5011184072921803,23.87818674140959,45,23.37610275014866,0.9789731106177249,0.47385597538868923,0.027262431903491036,5,"{('buyer', 'random-buyer'): {'profit': 10.896781862389979, 'count': 4}, ('buyer', 'ppobuyer'): {'profit': 2.0296950455535048, 'count': 1}, ('seller', 'random-seller'): {'profit': 10.44962584220518, 'count': 5}}"
272,50,0.49347436479161455,26.43512182921409,48,26.312341931140033,0.9953554252986884,0.48236243362423575,0.011111931167378797,2,"{('buyer', 'random-buyer'): {'profit': 10.560892993421813, 'count': 4}, ('buyer', 'ppobuyer'): {'profit': 2.969419538627945, 'count': 1}, ('seller', 'random-seller'): {'profit': 12.782029399090273, 'count': 5}}"
273,50,0.49864136903591305,25.65558601234815,48,25.417841955732843,0.9907332439609495,0.4754235261274713,0.023217842908441755,2,"{('buyer', 'random-buyer'): {'profit': 9.831279195375583, 'count': 4}, ('buyer', 'ppobuyer'): {'profit': 3.132728529905112, 'count': 1}, ('seller', 'random-seller'): {'profit': 12.453834230452149, 'count': 5}}"
274,50,0.5032606660168152,25.97299882336143,47,25.496336738838984,0.9816477840019878,0.4981751514175981,0.005085514599217078,3,"{('buyer', 'random-buyer'): {'profit': 9.694238597109917, 'count': 4}, ('buyer', 'ppobuyer'): {'profit': 3.067354272076226, 'count': 1}, ('seller', 'random-seller'): {'profit': 12.734743869652842, 'count': 5}}"
275,50,0.4921964494465804,24.91473527902612,48,24.803250055823224,0.9955253298116818,0.5039310382018143,0.011734588755233866,2,"{('buyer', 'random-buyer'): {'profit': 9.434853556775792, 'count': 4}, ('buyer', 'ppobuyer'): {'profit': 2.7954278386020546, 'count': 1}, ('seller', 'random-seller'): {'profit': 12.572968660445376, 'count': 5}}"
276,50,0.5003643557960534,21.569630397040523,46,21.30657022511599,0.9878041409573423,0.4818337858151743,0.018530569980879152,4,"{('buyer', 'random-buyer'): {'profit': 9.532521426720791, 'count': 4}, ('buyer', 'ppobuyer'): {'profit': 1.9944429138935615, 'count': 1}, ('seller', 'random-seller'): {'profit': 9.779605884501636, 'count': 5}}"
277,50,0.5000955276227117,22.682082491675974,49,22.61296891348701,0.9969529438835993,0.5003988225935394,0.0003032949708277055,1,"{('buyer', 'random-buyer'): {'profit': 9.250518599077312, 'count': 4}, ('buyer', 'ppobuyer'): {'profit': 2.913622553263719, 'count': 1}, ('seller', 'random-seller'): {'profit': 10.448827761145978, 'count': 5}}"
278,50,0.5061325494998954,24.669307175121613,48,24.514451422416716,0.9937227360458236,0.477430507432669,0.028702042067226374,2,"{('buyer', 'random-buyer'): {'profit': 10.140352735312216, 'count': 4}, ('buyer', 'ppobuyer'): {'profit': 2.7775082460902194, 'count': 1}, ('seller', 'random-seller'): {'profit': 11.59659044101428, 'count': 5}}"
279,50,0.5025442971577582,25.552091443695584,48,25.346147067743814,0.9919402145062931,0.49081531180450194,0.011728985353256227,2,"{('buyer', 'random-buyer'): {'profit': 10.070017869494466, 'count': 4}, ('buyer', 'ppobuyer'): {'profit': 3.3020548876386075, 'count': 1}, ('seller', 'random-seller'): {'profit': 11.974074310610742, 'count': 5}}"
280,50,0.48752036737988147,25.543348493740925,48,25.39066666051643,0.994022638290281,0.48493988418267037,0.002580483197211103,2,"{('buyer', 'random-buyer'): {'profit': 10.020084268814568, 'count': 4}, ('buyer', 'ppobuyer'): {'profit': 3.164738618971456, 'count': 1}, ('seller', 'random-seller'): {'profit': 12.205843772730406, 'count': 5}}"
281,50,0.5024565035748731,26.989305944055484,47,26.69812816617602,0.9892113647352389,0.5017440575708347,0.000712446004038414,3,"{('buyer', 'random-buyer'): {'profit': 10.576535268264196, 'count': 4}, ('buyer', 'ppobuyer'): {'profit': 3.4093250099920347, 'count': 1}, ('seller', 'random-seller'): {'profit': 12.712267887919788, 'count': 5}}"
282,50,0.4993611198295139,26.174233818382714,48,25.977360573726973,0.9924783569207106,0.4779475607712924,0.02141355905822151,2,"{('buyer', 'random-buyer'): {'profit': 10.359332643857265, 'count': 4}, ('buyer', 'ppobuyer'): {'profit': 3.570636933312496, 'count': 1}, ('seller', 'random-seller'): {'profit': 12.047390996557212, 'count': 5}}"
283,50,0.50333075078468,25.40455467901374,47,25.087784929528084,0.9875309859398035,0.4868063229032762,0.016524427881403847,3,"{('buyer', 'random-buyer'): {'profit': 10.838701431387461, 'count': 4}, ('buyer', 'ppobuyer'): {'profit': 2.8313122662201797, 'count': 1}, ('seller', 'random-seller'): {'profit': 11.417771231920442, 'count': 5}}"
284,50,0.5078473879654288,24.56370956965318,48,24.449844561608877,0.995364502754707,0.4869743602412792,0.020873027724149618,2,"{('buyer', 'random-buyer'): {'profit': 10.031308392975891, 'count': 4}, ('buyer', 'ppobuyer'): {'profit': 2.8084716242971375, 'count': 1}, ('seller', 'random-seller'): {'profit': 11.61006454433585, 'count': 5}}"
285,50,0.4921527166153834,24.07767313431665,49,24.058699188930213,0.9992119693094681,0.5020373679133382,0.009884651297954794,1,"{('buyer', 'random-buyer'): {'profit': 9.341272667882297, 'count': 4}, ('buyer', 'ppobuyer'): {'profit': 3.68978761092533, 'count': 1}, ('seller', 'random-seller'): {'profit': 11.027638910122587, 'count': 5}}"
286,50,0.4954444973737376,24.006441275501288,47,23.90230260170795,0.9956620528383101,0.5145377033071783,0.019093205933440716,3,"{('buyer', 'random-buyer'): {'profit': 9.209981443917561, 'count': 4}, ('buyer', 'ppobuyer'): {'profit': 2.6105123783060225, 'count': 1}, ('seller', 'random-seller'): {'profit': 12.081808779484366, 'count': 5}}"
287,50,0.4786104164696713,24.097081010774197,48,23.823743373900903,0.9886568154561509,0.4701433745624211,0.008467041907250172,2,"{('buyer', 'random-buyer'): {'profit': 9.647590148611, 'count': 4}, ('buyer', 'ppobuyer'): {'profit': 3.130874748516943, 'count': 1}, ('seller', 'random-seller'): {'profit': 11.045278476772962, 'count': 5}}"
288,50,0.5050647745199608,23.302251242212918,47,22.824710506631753,0.9795066695222957,0.48798129531316303,0.017083479206797758,3,"{('buyer', 'random-buyer'): {'profit': 8.909808618251061, 'count': 4}, ('buyer', 'ppobuyer'): {'profit': 2.5249013388531907, 'count': 1}, ('seller', 'random-seller'): {'profit': 11.3900005495275, 'count': 5}}"
289,50,0.4968175721416405,23.65699279169891,46,23.002328394719534,0.9723268125097838,0.49981544717850956,0.0029978750368690465,4,"{('buyer', 'random-buyer'): {'profit': 8.339140459815571, 'count': 4}, ('buyer', 'ppobuyer'): {'profit': 2.0983105078618096, 'count': 1}, ('seller', 'random-seller'): {'profit': 12.564877427042154, 'count': 5}}"
290,50,0.5066770443350168,25.80561298137676,47,25.474176023046567,0.9871564004866157,0.5337244129451432,0.027047368610126354,3,"{('buyer', 'random-buyer'): {'profit': 9.088345503083366, 'count': 4}, ('buyer', 'ppobuyer'): {'profit': 2.9711087693492044, 'count': 1}, ('seller', 'random-seller'): {'profit': 13.414721750613998, 'count': 5}}"
291,50,0.5017493082136388,23.45031389107644,47,23.39037393653988,0.9974439593936792,0.5029024070208277,0.0011530988071888348,3,"{('buyer', 'random-buyer'): {'profit': 8.667126183763045, 'count': 4}, ('buyer', 'ppobuyer'): {'profit': 3.163319338944364, 'count': 1}, ('seller', 'random-seller'): {'profit': 11.559928413832473, 'count': 5}}"
292,50,0.4933292487836157,25.447292636386468,48,25.043672470149087,0.9841389741531775,0.49063272194980884,0.0026965268338068893,2,"{('buyer', 'random-buyer'): {'profit': 9.663016700469804, 'count': 4}, ('buyer', 'ppobuyer'): {'profit': 3.0053426454569605, 'count': 1}, ('seller', 'random-seller'): {'profit': 12.375313124222323, 'count': 5}}"
293,50,0.50480762078909,24.828743351379032,48,24.623685664075815,0.9917411169626582,0.4877143284897489,0.017093292299341145,2,"{('buyer', 'random-buyer'): {'profit': 9.420471916220903, 'count': 4}, ('buyer', 'ppobuyer'): {'profit': 3.2057876816053623, 'count': 1}, ('seller', 'random-seller'): {'profit': 11.997426066249547, 'count': 5}}"
294,50,0.49575291514146363,24.609331491786413,48,24.420555247325595,0.9923290787267495,0.48448213553405634,0.0112707796074073,2,"{('buyer', 'random-buyer'): {'profit': 9.25528674552007, 'count': 4}, ('buyer', 'ppobuyer'): {'profit': 2.9901979778667074, 'count': 1}, ('seller', 'random-seller'): {'profit': 12.175070523938818, 'count': 5}}"
295,50,0.500974665931164,26.540637001488346,47,26.308147836661533,0.9912402567875904,0.49514217083022694,0.005832495100937085,3,"{('buyer', 'random-buyer'): {'profit': 9.878558257919211, 'count': 4}, ('buyer', 'ppobuyer'): {'profit': 3.21618350234609, 'count': 1}, ('seller', 'random-seller'): {'profit': 13.213406076396234, 'count': 5}}"
296,50,0.4983432737196422,24.666248623144273,48,24.19165564477463,0.9807594180363393,0.49288695514574776,0.0054563185738944475,2,"{('buyer', 'random-buyer'): {'profit': 9.180867897456253, 'count': 4}, ('buyer', 'ppobuyer'): {'profit': 3.3827927436549188, 'count': 1}, ('seller', 'random-seller'): {'profit': 11.62799500366346, 'count': 5}}"
297,50,0.49965774745980873,24.19921339101763,47,23.76350474755511,0.9819949253547122,0.46692310955895755,0.03273463790085118,3,"{('buyer', 'random-buyer'): {'profit': 9.759850632854949, 'count': 4}, ('buyer', 'ppobuyer'): {'profit': 3.1777502691248016, 'count': 1}, ('seller', 'random-seller'): {'profit': 10.825903845575361, 'count': 5}}"
298,50,0.4870390486663923,23.150308972987165,47,22.909408921240193,0.98959408913168,0.47457709996955594,0.012461948696836367,3,"{('buyer', 'random-buyer'): {'profit': 10.527975518329812, 'count': 4}, ('buyer', 'ppobuyer'): {'profit': 2.3334849380476035, 'count': 1}, ('seller', 'random-seller'): {'profit': 10.04794846486278, 'count': 5}}"
299,50,0.5055831521893298,25.649750270450706,47,25.436411271394505,0.9916826091167845,0.5177775303975519,0.012194378208222112,3,"{('buyer', 'random-buyer'): {'profit': 10.218554962638182, 'count': 4}, ('buyer', 'ppobuyer'): {'profit': 2.6125125584680906, 'count': 1}, ('seller', 'random-seller'): {'profit': 12.605343750288233, 'count': 5}}"
300,50,0.4953647305123545,24.925591766057522,50,24.925591766057522,1.0,0.46464389052143473,0.03072083999091979,0,"{('buyer', 'random-buyer'): {'profit': 9.634646175162306, 'count': 4}, ('buyer', 'ppobuyer'): {'profit': 3.412128864707654, 'count': 1}, ('seller', 'random-seller'): {'profit': 11.87881672618756, 'count': 5}}"
301,50,0.49618213259850136,23.867506668559162,45,23.312536811858354,0.9767478914154082,0.46262926553630346,0.0335528670621979,5,"{('buyer', 'random-buyer'): {'profit': 11.175096674832691, 'count': 4}, ('buyer', 'ppobuyer'): {'profit': 1.5853487033226585, 'count': 1}, ('seller', 'random-seller'): {'profit': 10.552091433703005, 'count': 5}}"
302,50,0.5013023300915517,24.98425841793769,47,24.864171806922776,0.995193509088559,0.48225746019690774,0.019044869894643934,3,"{('buyer', 'random-buyer'): {'profit': 10.773110129227526, 'count': 4}, ('buyer', 'ppobuyer'): {'profit': 2.745874935322806, 'count': 1}, ('seller', 'random-seller'): {'profit': 11.345186742372446, 'count': 5}}"
303,50,0.495626264509282,27.637750273680847,49,27.537240991577573,0.9963633334440036,0.4789514678679793,0.01667479664130267,1,"{('buyer', 'random-buyer'): {'profit': 11.209158302400997, 'count': 4}, ('buyer', 'ppobuyer'): {'profit': 3.2389640682316445, 'count': 1}, ('seller', 'random-seller'): {'profit': 13.08911862094493, 'count': 5}}"
304,50,0.4723121034425728,24.717996167388915,45,23.998509892003028,0.9708922086356206,0.46440437241193006,0.00790773103064274,5,"{('buyer', 'random-buyer'): {'profit': 10.459840555484266, 'count': 4}, ('buyer', 'ppobuyer'): {'profit': 2.044499273618909, 'count': 1}, ('seller', 'random-seller'): {'profit': 11.494170062899851, 'count': 5}}"
305,50,0.5022807274964438,24.776509764088235,45,24.258567536324698,0.9790954322180496,0.4965235124106358,0.0057572150858080096,5,"{('buyer', 'random-buyer'): {'profit': 10.859960777568666, 'count': 4}, ('buyer', 'ppobuyer'): {'profit': 1.8487750318369436, 'count': 1}, ('seller', 'random-seller'): {'profit': 11.549831726919088, 'count': 5}}"
306,50,0.5017427682965343,24.96081703503429,48,24.930513618368384,0.9987859605467493,0.4929417416548134,0.008801026641720888,2,"{('buyer', 'random-buyer'): {'profit': 9.050675806568606, 'count': 4}, ('buyer', 'ppobuyer'): {'profit': 3.550716151041672, 'count': 1}, ('seller', 'random-seller'): {'profit': 12.329121660758105, 'count': 5}}"
307,50,0.5040897222074723,26.11081790501574,47,25.8144870001532,0.9886510293955358,0.4900132822814238,0.014076439926048456,3,"{('buyer', 'random-buyer'): {'profit': 9.845475893065725, 'count': 4}, ('buyer', 'ppobuyer'): {'profit': 2.9644394790733646, 'count': 1}, ('seller', 'random-seller'): {'profit': 13.00457162801411, 'count': 5}}"
308,50,0.5001943092972163,22.16763993111868,44,21.57234556885443,0.9731457943148661,0.500725330123132,0.0005310208259157179,6,"{('buyer', 'random-buyer'): {'profit': 9.131716509203947, 'count': 4}, ('buyer', 'ppobuyer'): {'profit': 1.6302148064476532, 'count': 1}, ('seller', 'random-seller'): {'profit': 10.810414253202827, 'count': 5}}"
309,50,0.5018874420201285,26.86129301290689,48,26.651248146298137,0.9921803888402607,0.4733201479794113,0.028567294040717173,2,"{('buyer', 'random-buyer'): {'profit': 11.613707103534525, 'count': 4}, ('buyer', 'ppobuyer'): {'profit': 3.189444325472526, 'count': 1}, ('seller', 'random-seller'): {'profit': 11.848096717291085, 'count': 5}}"
310,50,0.5007131579729549,23.02635505107317,49,23.01692640506097,0.9995905280713648,0.48522257782629485,0.015490580146660049,1,"{('buyer', 'random-buyer'): {'profit': 8.669891617952372, 'count': 4}, ('buyer', 'ppobuyer'): {'profit': 3.2802055357560653, 'count': 1}, ('seller', 'random-seller'): {'profit': 11.066829251352534, 'count': 5}}"
311,50,0.4997740800422007,23.94299346035947,46,23.652992050482304,0.9878878382372154,0.49645965606558484,0.0033144239766158545,4,"{('buyer', 'random-buyer'): {'profit': 9.132486939606432, 'count': 4}, ('buyer', 'ppobuyer'): {'profit': 2.6275327523514314, 'count': 1}, ('seller', 'random-seller'): {'profit': 11.892972358524439, 'count': 5}}"
312,50,0.48627565738948786,24.489041328152446,47,24.122162911380272,0.9850186697038886,0.49240272949390956,0.006127072104421705,3,"{('buyer', 'random-buyer'): {'profit': 10.449525291118238, 'count': 4}, ('buyer', 'ppobuyer'): {'profit': 2.103614391257304, 'count': 1}, ('seller', 'random-seller'): {'profit': 11.569023229004728, 'count': 5}}"
313,50,0.5182473478564209,23.94449031714253,47,23.668913501288998,0.9884910134981558,0.5086914606605927,0.009555887195828228,3,"{('buyer', 'random-buyer'): {'profit': 9.466520009729038, 'count': 4}, ('buyer', 'ppobuyer'): {'profit': 2.402717341655363, 'count': 1}, ('seller', 'random-seller'): {'profit': 11.799676149904599, 'count': 5}}"
314,50,0.5081946768390798,23.470945223740387,46,23.20494901793813,0.9886670006995198,0.5148571132397661,0.006662436400686311,4,"{('buyer', 'random-buyer'): {'profit': 8.224550315617082, 'count': 4}, ('buyer', 'ppobuyer'): {'profit': 2.438561685376883, 'count': 1}, ('seller', 'random-seller'): {'profit': 12.541837016944166, 'count': 5}}"
315,50,0.5027939756548729,24.687571198227328,45,23.98196842961014,0.9714187044585475,0.49230386873899823,0.010490106915874708,5,"{('buyer', 'random-buyer'): {'profit': 10.207074121118286, 'count': 4}, ('buyer', 'ppobuyer'): {'profit': 1.8479217935970365, 'count': 1}, ('seller', 'random-seller'): {'profit': 11.926972514894821, 'count': 5}}"
316,50,0.5025916977848403,24.9821130842303,47,24.838474128700692,0.9942503280228814,0.49289315067482814,0.009698547110012112,3,"{('buyer', 'random-buyer'): {'profit': 9.243268678304272, 'count': 4}, ('buyer', 'ppobuyer'): {'profit': 3.714518797467245, 'count': 1}, ('seller', 'random-seller'): {'profit': 11.880686652929175, 'count': 5}}"
317,50,0.5002040138526607,22.43694446341493,45,21.909725072498166,0.9765021751613088,0.48992432971723665,0.010279684135424016,5,"{('buyer', 'random-buyer'): {'profit': 8.68204009449138, 'count': 4}, ('buyer', 'ppobuyer'): {'profit': 2.334832459258713, 'count': 1}, ('seller', 'random-seller'): {'profit': 10.892852518748072, 'count': 5}}"
318,50,0.5035117028890304,26.764673604169275,48,26.604967243408133,0.9940329419621144,0.5050001670421495,0.0014884641531190956,2,"{('buyer', 'random-buyer'): {'profit': 11.007260827842675, 'count': 4}, ('buyer', 'ppobuyer'): {'profit': 3.1914286903873132, 'count': 1}, ('seller', 'random-seller'): {'profit': 12.406277725178143, 'count': 5}}"
319,50,0.5006542015104801,26.72455563462084,48,26.41106879713132,0.9882697081375075,0.4707297489553531,0.029924452555127046,2,"{('buyer', 'random-buyer'): {'profit': 10.290962328670627, 'count': 4}, ('buyer', 'ppobuyer'): {'profit': 3.5871743434870895, 'count': 1}, ('seller', 'random-seller'): {'profit': 12.532932124973607, 'count': 5}}"
320,50,0.4945962350216313,25.40658483358247,46,25.055389233443215,0.9861769851225717,0.5133385361809797,0.018742301159348385,4,"{('buyer', 'random-buyer'): {'profit': 10.157081336556285, 'count': 4}, ('buyer', 'ppobuyer'): {'profit': 2.3207672897071507, 'count': 1}, ('seller', 'random-seller'): {'profit': 12.57754060717978, 'count': 5}}"
321,50,0.48764158205153296,24.72476224525736,47,24.33522842605423,0.9842451945406331,0.4807267555157122,0.006914826535820762,3,"{('buyer', 'random-buyer'): {'profit': 10.022528649852834, 'count': 4}, ('buyer', 'ppobuyer'): {'profit': 2.8408290108640073, 'count': 1}, ('seller', 'random-seller'): {'profit': 11.471870765337387, 'count': 5}}"
322,50,0.5028292619505333,25.731191039146935,49,25.697193080779705,0.9986787258189679,0.4885079093447172,0.014321352605816129,1,"{('buyer', 'random-buyer'): {'profit': 10.44732186240163, 'count': 4}, ('buyer', 'ppobuyer'): {'profit': 3.772077283795555, 'count': 1}, ('seller', 'random-seller'): {'profit': 11.477793934582522, 'count': 5}}"
323,50,0.5033040913428352,24.152888420753744,49,24.13977451963824,0.9994570462593519,0.4886719437938735,0.014632147548961638,1,"{('buyer', 'random-buyer'): {'profit': 9.847700809825874, 'count': 4}, ('buyer', 'ppobuyer'): {'profit': 3.277246635639428, 'count': 1}, ('seller', 'random-seller'): {'profit': 11.014827074172938, 'count': 5}}"
324,50,0.5001129746099231,22.72202575094821,45,22.184451647195743,0.9763412774175722,0.4750309803564799,0.025081994253443207,5,"{('buyer', 'random-buyer'): {'profit': 9.633231530550901, 'count': 4}, ('buyer', 'ppobuyer'): {'profit': 2.118521219037944, 'count': 1}, ('seller', 'random-seller'): {'profit': 10.4326988976069, 'count': 5}}"
325,50,0.5139177733800725,23.76907454993495,46,23.281968919145605,0.9795067481585783,0.4829672000701308,0.03095057330994172,4,"{('buyer', 'random-buyer'): {'profit': 9.95064460085351, 'count': 4}, ('buyer', 'ppobuyer'): {'profit': 2.5856034112341066, 'count': 1}, ('seller', 'random-seller'): {'profit': 10.745720907057986, 'count': 5}}"
326,50,0.5002412432477616,23.718142075606753,44,23.070884533347375,0.9727104450173161,0.5160672973612189,0.015826054113457277,6,"{('buyer', 'random-buyer'): {'profit': 8.722537995765295, 'count': 4}, ('buyer', 'ppobuyer'): {'profit': 1.8717286955894115, 'count': 1}, ('seller', 'random-seller'): {'profit': 12.476617841992667, 'count': 5}}"
327,50,0.49688917836371027,25.63254524424472,49,25.5705258381645,0.9975804429295156,0.5068632925779567,0.009974114214246432,1,"{('buyer', 'random-buyer'): {'profit': 9.640520106703965, 'count': 4}, ('buyer', 'ppobuyer'): {'profit': 3.3882482432494703, 'count': 1}, ('seller', 'random-seller'): {'profit': 12.541757488211063, 'count': 5}}"
328,50,0.4966046370437216,23.47581241600347,47,23.191610201464872,0.9878938283582102,0.47535218789526423,0.021252449148457364,3,"{('buyer', 'random-buyer'): {'profit': 8.618784886675689, 'count': 4}, ('buyer', 'ppobuyer'): {'profit': 2.7235163176140578, 'count': 1}, ('seller', 'random-seller'): {'profit': 11.849308997175125, 'count': 5}}"
329,50,0.4993023520236364,25.54695839980779,49,25.467257645679496,0.996880225313676,0.5168672432982351,0.017564891274598704,1,"{('buyer', 'random-buyer'): {'profit': 9.544323772678018, 'count': 4}, ('buyer', 'ppobuyer'): {'profit': 3.3624037122612305, 'count': 1}, ('seller', 'random-seller'): {'profit': 12.56053016074025, 'count': 5}}"
330,50,0.5059573058430489,25.74419490013639,48,25.67735093114546,0.9974035323594224,0.4913416988601917,0.014615606982857188,2,"{('buyer', 'random-buyer'): {'profit': 10.854065804828082, 'count': 4}, ('buyer', 'ppobuyer'): {'profit': 2.79339634744824, 'count': 1}, ('seller', 'random-seller'): {'profit': 12.029888778869141, 'count': 5}}"
331,50,0.502851927702259,24.894451814031576,48,24.72653432871658,0.9932548229392884,0.4565810650394277,0.04627086266283126,2,"{('buyer', 'random-buyer'): {'profit': 9.691229746962058, 'count': 4}, ('buyer', 'ppobuyer'): {'profit': 3.0685137232112387, 'count': 1}, ('seller', 'random-seller'): {'profit': 11.96679085854328, 'count': 5}}"
332,50,0.49973965833671796,26.549130700937223,48,26.39413093766948,0.9941617763303161,0.4927559425255481,0.006983715811169855,2,"{('buyer', 'random-buyer'): {'profit': 10.503554096687854, 'count': 4}, ('buyer', 'ppobuyer'): {'profit': 3.3207747716994986, 'count': 1}, ('seller', 'random-seller'): {'profit': 12.56980206928213, 'count': 5}}"
333,50,0.499434918864498,25.42486662704659,46,24.874953618635743,0.9783710563175243,0.48949711026125675,0.009937808603241227,4,"{('buyer', 'random-buyer'): {'profit': 10.079018985182167, 'count': 4}, ('buyer', 'ppobuyer'): {'profit': 2.7616053228618345, 'count': 1}, ('seller', 'random-seller'): {'profit': 12.03432931059174, 'count': 5}}"
334,50,0.49396105895331865,23.592703732424358,48,23.44509590582428,0.9937434967914588,0.48260833361448113,0.011352725338837522,2,"{('buyer', 'random-buyer'): {'profit': 9.499123158350024, 'count': 4}, ('buyer', 'ppobuyer'): {'profit': 2.7478745972162724, 'count': 1}, ('seller', 'random-seller'): {'profit': 11.198098150257987, 'count': 5}}"
335,50,0.4964507480092318,24.997231196329544,45,24.16399233884752,0.9666667539721611,0.4730291379879877,0.0234216100212441,5,"{('buyer', 'random-buyer'): {'profit': 10.974365687476823, 'count': 4}, ('buyer', 'ppobuyer'): {'profit': 2.316551139953446, 'count': 1}, ('seller', 'random-seller'): {'profit': 10.873075511417253, 'count': 5}}"
336,50,0.49912043229104086,22.99328486515366,49,22.872995331429415,0.9947684928695618,0.5208294163243277,0.021708984033286804,1,"{('buyer', 'random-buyer'): {'profit': 8.357524683417253, 'count': 4}, ('buyer', 'ppobuyer'): {'profit': 3.565701535437775, 'count': 1}, ('seller', 'random-seller'): {'profit': 10.949769112574385, 'count': 5}}"
337,50,0.49373511716901863,27.584214480917016,48,27.529279357899682,0.9980084579513643,0.46738069695606255,0.026354420212956087,2,"{('buyer', 'random-buyer'): {'profit': 11.828942962582097, 'count': 4}, ('buyer', 'ppobuyer'): {'profit': 2.82038047827216, 'count': 1}, ('seller', 'random-seller'): {'profit': 12.879955917045423, 'count': 5}}"
338,50,0.49892495784439306,24.317240494014616,47,24.019163978559554,0.9877421734785891,0.49713279978629044,0.001792158058102622,3,"{('buyer', 'random-buyer'): {'profit': 10.167770038935107, 'count': 4}, ('buyer', 'ppobuyer'): {'profit': 2.7929258128844143, 'count': 1}, ('seller', 'random-seller'): {'profit': 11.058468126740035, 'count': 5}}"
339,50,0.4994853365420844,26.87901414216147,48,26.60851347251836,0.9899363619434683,0.47794381976419437,0.021541516777890013,2,"{('buyer', 'random-buyer'): {'profit': 11.181803202199292, 'count': 4}, ('buyer', 'ppobuyer'): {'profit': 3.1041259728690167, 'count': 1}, ('seller', 'random-seller'): {'profit': 12.32258429745005, 'count': 5}}"
340,50,0.4990007980217137,26.653285540233895,50,26.653285540233888,0.9999999999999998,0.5103016458579493,0.011300847836235639,0,"{('buyer', 'random-buyer'): {'profit': 9.573433686586956, 'count': 4}, ('buyer', 'ppobuyer'): {'profit': 3.5762330473969, 'count': 1}, ('seller', 'random-seller'): {'profit': 13.50361880625003, 'count': 5}}"
341,50,0.497046023541536,23.341231628738477,47,22.882770732168346,0.9803583245364971,0.4901301260215651,0.006915897519970904,3,"{('buyer', 'random-buyer'): {'profit': 9.016283578070688, 'count': 4}, ('buyer', 'ppobuyer'): {'profit': 3.229312409649564, 'count': 1}, ('seller', 'random-seller'): {'profit': 10.637174744448096, 'count': 5}}"
342,50,0.5024541675399613,26.973204895999785,47,26.725174731389348,0.9908045719607008,0.4755733409332542,0.026880826606707098,3,"{('buyer', 'random-buyer'): {'profit': 10.733141602142585, 'count': 4}, ('buyer', 'ppobuyer'): {'profit': 3.1343924895072695, 'count': 1}, ('seller', 'random-seller'): {'profit': 12.857640639739493, 'count': 5}}"
343,50,0.510286079635424,25.49582903822338,49,25.45019327027233,0.9982100692673052,0.5098614420893741,0.000424637546049933,1,"{('buyer', 'random-buyer'): {'profit': 9.9183223124334, 'count': 4}, ('buyer', 'ppobuyer'): {'profit': 2.945593137137055, 'count': 1}, ('seller', 'random-seller'): {'profit': 12.586277820701874, 'count': 5}}"
344,50,0.5117917780929625,26.74588609558642,46,26.11212216970839,0.9763042464320292,0.511112065101505,0.0006797129914575262,4,"{('buyer', 'random-buyer'): {'profit': 11.272313963286164, 'count': 4}, ('buyer', 'ppobuyer'): {'profit': 2.5695421753228342, 'count': 1}, ('seller', 'random-seller'): {'profit': 12.270266031099391, 'count': 5}}"
345,50,0.50018127304441,23.75332515741887,44,23.1076635396692,0.9728180533263988,0.4917234530116266,0.008457820032783336,6,"{('buyer', 'random-buyer'): {'profit': 10.651847040126807, 'count': 4}, ('buyer', 'ppobuyer'): {'profit': 1.5466617213771636, 'count': 1}, ('seller', 'random-seller'): {'profit': 10.909154778165231, 'count': 5}}"
346,50,0.5023178751045859,23.826847467245628,50,23.82684746724563,1.0000000000000002,0.4987453711900259,0.0035725039145600435,0,"{('buyer', 'random-buyer'): {'profit': 8.86821858736534, 'count': 4}, ('buyer', 'ppobuyer'): {'profit': 3.3940859202477016, 'count': 1}, ('seller', 'random-seller'): {'profit': 11.56454295963259, 'count': 5}}"
347,50,0.49161106969447366,24.421944597276248,48,24.298167164737897,0.9949317126633661,0.4749910358242524,0.016620033870221262,2,"{('buyer', 'random-buyer'): {'profit': 10.299523144705619, 'count': 4}, ('buyer', 'ppobuyer'): {'profit': 2.552759244556561, 'count': 1}, ('seller', 'random-seller'): {'profit': 11.445884775475717, 'count': 5}}"
348,50,0.5017721850260967,26.56911504735993,47,26.230366368026743,0.9872502836948329,0.48341252510542193,0.01835965992067473,3,"{('buyer', 'random-buyer'): {'profit': 10.534177566482605, 'count': 4}, ('buyer', 'ppobuyer'): {'profit': 2.3643196899643586, 'count': 1}, ('seller', 'random-seller'): {'profit': 13.331869111579783, 'count': 5}}"
349,50,0.49365751261349605,24.47462371173917,46,24.187416649035757,0.9882651081346082,0.4808371338052415,0.01282037880825454,4,"{('buyer', 'random-buyer'): {'profit': 10.335567452233848, 'count': 4}, ('buyer', 'ppobuyer'): {'profit': 2.313566752209055, 'count': 1}, ('seller', 'random-seller'): {'profit': 11.538282444592856, 'count': 5}}"
350,50,0.5039716373064994,26.34948911249751,44,25.431295063564804,0.9651532504098075,0.48318101181877987,0.02079062548771954,6,"{('buyer', 'random-buyer'): {'profit': 11.165899268405237, 'count': 4}, ('buyer', 'ppobuyer'): {'profit': 2.1411629376841517, 'count': 1}, ('seller', 'random-seller'): {'profit': 12.124232857475413, 'count': 5}}"
351,50,0.5000879323518044,24.35246659622131,48,24.315060441050473,0.9984639685256097,0.479599326730687,0.020488605621117373,2,"{('buyer', 'random-buyer'): {'profit': 9.41261801174025, 'count': 4}, ('buyer', 'ppobuyer'): {'profit': 4.014434528624244, 'count': 1}, ('seller', 'random-seller'): {'profit': 10.88800790068598, 'count': 5}}"
352,50,0.5090073997964291,26.38256881079386,50,26.38256881079385,0.9999999999999996,0.4918239741488643,0.017183425647564754,0,"{('buyer', 'random-buyer'): {'profit': 10.081456689735731, 'count': 4}, ('buyer', 'ppobuyer'): {'profit': 3.312146941709601, 'count': 1}, ('seller', 'random-seller'): {'profit': 12.988965179348517, 'count': 5}}"
353,50,0.4885607397765581,21.058674439422855,44,20.459609139659975,0.9715525636959655,0.4997729423640181,0.011212202587459974,6,"{('buyer', 'random-buyer'): {'profit': 9.112316906994366, 'count': 4}, ('buyer', 'ppobuyer'): {'profit': 1.689160682163106, 'count': 1}, ('seller', 'random-seller'): {'profit': 9.658131550502501, 'count': 5}}"
354,50,0.5107366406074365,25.268667939427825,48,25.095740351112077,0.9931564422497349,0.4930944366259622,0.017642203981474314,2,"{('buyer', 'random-buyer'): {'profit': 9.993869108479469, 'count': 4}, ('buyer', 'ppobuyer'): {'profit': 3.696916248340257, 'count': 1}, ('seller', 'random-seller'): {'profit': 11.40495499429235, 'count': 5}}"
355,50,0.49429676062559236,23.29208844320452,47,22.902563048244538,0.9832764933934627,0.4881874973886426,0.006109263236949769,3,"{('buyer', 'random-buyer'): {'profit': 9.01023683060115, 'count': 4}, ('buyer', 'ppobuyer'): {'profit': 3.2144377003588978, 'count': 1}, ('seller', 'random-seller'): {'profit': 10.677888517284488, 'count': 5}}"
356,50,0.5185362704262828,25.59392233012732,48,25.346407731062314,0.9903291650309632,0.5035947325531333,0.014941537873149557,2,"{('buyer', 'random-buyer'): {'profit': 10.113391863342375, 'count': 4}, ('buyer', 'ppobuyer'): {'profit': 2.728896396300807, 'count': 1}, ('seller', 'random-seller'): {'profit': 12.50411947141913, 'count': 5}}"
357,50,0.4964465132327983,26.289932165519026,47,26.12683093619504,0.9937960574300034,0.46046952865731156,0.03597698457548676,3,"{('buyer', 'random-buyer'): {'profit': 9.972548644286274, 'count': 4}, ('buyer', 'ppobuyer'): {'profit': 3.728272035781462, 'count': 1}, ('seller', 'random-seller'): {'profit': 12.426010256127304, 'count': 5}}"
358,50,0.49710812758227474,21.811993985340223,46,21.362447415509642,0.9793899370166378,0.4556080358360182,0.04150009174625652,4,"{('buyer', 'random-buyer'): {'profit': 9.092379367566764, 'count': 4}, ('buyer', 'ppobuyer'): {'profit': 2.1666058592202297, 'count': 1}, ('seller', 'random-seller'): {'profit': 10.103462188722649, 'count': 5}}"
359,50,0.49392617329306965,24.020351010548318,45,23.516030908654145,0.9790044657685183,0.4714838188658168,0.022442354427252842,5,"{('buyer', 'random-buyer'): {'profit': 9.719081770982488, 'count': 4}, ('buyer', 'ppobuyer'): {'profit': 2.7309734939367907, 'count': 1}, ('seller', 'random-seller'): {'profit': 11.065975643734866, 'count': 5}}"
360,50,0.4969499580364317,23.686611711742778,49,23.532668881117957,0.9935008505016146,0.494773136807248,0.002176821229183723,1,"{('buyer', 'random-buyer'): {'profit': 9.131919654728875, 'count': 4}, ('buyer', 'ppobuyer'): {'profit': 2.9669526464515554, 'count': 1}, ('seller', 'random-seller'): {'profit': 11.433796579937527, 'count': 5}}"
361,50,0.4977616458540543,24.74800888497574,47,24.60563411760053,0.9942470213245461,0.5078787339646852,0.01011708811063089,3,"{('buyer', 'random-buyer'): {'profit': 9.574349362523888, 'count': 4}, ('buyer', 'ppobuyer'): {'profit': 2.6900482271582664, 'count': 1}, ('seller', 'random-seller'): {'profit': 12.341236527918376, 'count': 5}}"
362,50,0.49980977919949177,22.977807889279493,47,22.704315186666634,0.9880975285401155,0.48023376274529717,0.0195760164541946,3,"{('buyer', 'random-buyer'): {'profit': 9.171497622505438, 'count': 4}, ('buyer', 'ppobuyer'): {'profit': 2.765803187549868, 'count': 1}, ('seller', 'random-seller'): {'profit': 10.767014376611328, 'count': 5}}"
363,50,0.49852594605443146,25.08386364184583,48,24.896354816137155,0.9925247231293401,0.4652025308488244,0.033323415205607054,2,"{('buyer', 'random-buyer'): {'profit': 9.70293052926667, 'count': 4}, ('buyer', 'ppobuyer'): {'profit': 3.537245392455181, 'count': 1}, ('seller', 'random-seller'): {'profit': 11.656178894415302, 'count': 5}}"
364,50,0.5010337079939634,26.53894246534875,47,26.26367326227873,0.989627725240769,0.4706566548521341,0.030377053141829313,3,"{('buyer', 'random-buyer'): {'profit': 11.101578749456412, 'count': 4}, ('buyer', 'ppobuyer'): {'profit': 2.508735607968294, 'count': 1}, ('seller', 'random-seller'): {'profit': 12.653358904854024, 'count': 5}}"
365,50,0.47228840676607176,25.32122873204567,47,24.80875072492608,0.9797609344892882,0.46351951266912733,0.008768894096944424,3,"{('buyer', 'random-buyer'): {'profit': 9.76968411607065, 'count': 4}, ('buyer', 'ppobuyer'): {'profit': 2.764444203241614, 'count': 1}, ('seller', 'random-seller'): {'profit': 12.274622405613819, 'count': 5}}"
366,50,0.49893295606862853,25.49781796058957,48,25.195911547104203,0.9881595196125408,0.4915511054184322,0.007381850650196309,2,"{('buyer', 'random-buyer'): {'profit': 9.232831446173456, 'count': 4}, ('buyer', 'ppobuyer'): {'profit': 3.6200137645190447, 'count': 1}, ('seller', 'random-seller'): {'profit': 12.343066336411704, 'count': 5}}"
367,50,0.4965857096130375,29.047820219648916,47,28.68118304321967,0.9873781518318114,0.5172965044492823,0.020710794836244828,3,"{('buyer', 'random-buyer'): {'profit': 11.535236884344677, 'count': 4}, ('buyer', 'ppobuyer'): {'profit': 2.6463048591136604, 'count': 1}, ('seller', 'random-seller'): {'profit': 14.499641299761329, 'count': 5}}"
368,50,0.4956448912479746,27.812607004402846,49,27.774054975514318,0.9986138649684143,0.5172999875446009,0.02165509629662632,1,"{('buyer', 'random-buyer'): {'profit': 10.401341720409622, 'count': 4}, ('buyer', 'ppobuyer'): {'profit': 3.9654102575538115, 'count': 1}, ('seller', 'random-seller'): {'profit': 13.407302997550886, 'count': 5}}"
369,50,0.5079627008735199,28.157468778148385,48,27.85657583659,0.9893139207956116,0.5094458890259653,0.0014831881524454138,2,"{('buyer', 'random-buyer'): {'profit': 10.698253263724661, 'count': 4}, ('buyer', 'ppobuyer'): {'profit': 3.342749080653314, 'count': 1}, ('seller', 'random-seller'): {'profit': 13.815573492212025, 'count': 5}}"
370,50,0.5097470930208446,23.343876910059755,47,23.09659015907174,0.9894067831174415,0.4968490813627978,0.012898011658046826,3,"{('buyer', 'random-buyer'): {'profit': 9.067636003091154, 'count': 4}, ('buyer', 'ppobuyer'): {'profit': 3.007616893581681, 'count': 1}, ('seller', 'random-seller'): {'profit': 11.021337262398905, 'count': 5}}"
371,50,0.4978908757691616,23.395629942614946,45,23.049141184112546,0.9851900222668819,0.4554123996495229,0.042478476119638675,5,"{('buyer', 'random-buyer'): {'profit': 10.107572155426519, 'count': 4}, ('buyer', 'ppobuyer'): {'profit': 1.9440002207830884, 'count': 1}, ('seller', 'random-seller'): {'profit': 10.997568807902939, 'count': 5}}"
372,50,0.5029151028906397,23.42371094246479,48,23.31920184780318,0.9955383203405167,0.48901720985018987,0.013897893040449805,2,"{('buyer', 'random-buyer'): {'profit': 8.183525092077668, 'count': 4}, ('buyer', 'ppobuyer'): {'profit': 2.6644091959875538, 'count': 1}, ('seller', 'random-seller'): {'profit': 12.471267559737957, 'count': 5}}"
373,50,0.49300624549137495,24.46278764747515,46,23.929825642721582,0.9782133576747711,0.49124414150630924,0.0017621039850657105,4,"{('buyer', 'random-buyer'): {'profit': 9.389827153123989, 'count': 4}, ('buyer', 'ppobuyer'): {'profit': 2.4358375670974723, 'count': 1}, ('seller', 'random-seller'): {'profit': 12.104160922500121, 'count': 5}}"
374,50,0.4978252299263647,28.27167720668311,49,28.210840637416588,0.9978481443169512,0.5097255598198037,0.011900329893439032,1,"{('buyer', 'random-buyer'): {'profit': 11.084011341077282, 'count': 4}, ('buyer', 'ppobuyer'): {'profit': 3.8034248212741284, 'count': 1}, ('seller', 'random-seller'): {'profit': 13.323404475065178, 'count': 5}}"
375,50,0.49022169895615175,24.254328517110995,47,23.81231398819909,0.9817758496756539,0.4581104552122474,0.03211124374390434,3,"{('buyer', 'random-buyer'): {'profit': 9.381392019314756, 'count': 4}, ('buyer', 'ppobuyer'): {'profit': 3.0415668217541922, 'count': 1}, ('seller', 'random-seller'): {'profit': 11.389355147130143, 'count': 5}}"
376,50,0.4970852583740837,25.624361706685367,49,25.611969277223388,0.9995163809501352,0.456460237486128,0.040625020887955665,1,"{('buyer', 'random-buyer'): {'profit': 10.202452426623132, 'count': 4}, ('buyer', 'ppobuyer'): {'profit': 4.17562854160912, 'count': 1}, ('seller', 'random-seller'): {'profit': 11.233888308991137, 'count': 5}}"
377,50,0.5043436193522762,26.075746980336636,49,26.052883341792835,0.9991231837553478,0.4846928739034053,0.01965074544887091,1,"{('buyer', 'random-buyer'): {'profit': 9.810908189960635, 'count': 4}, ('buyer', 'ppobuyer'): {'profit': 3.603726208125916, 'count': 1}, ('seller', 'random-seller'): {'profit': 12.638248943706285, 'count': 5}}"
378,50,0.4964712640664263,23.711359013858917,49,23.696842843661692,0.9993877967859733,0.47772670765954367,0.018744556406882606,1,"{('buyer', 'random-buyer'): {'profit': 9.133306391243487, 'count': 4}, ('buyer', 'ppobuyer'): {'profit': 3.170570997938493, 'count': 1}, ('seller', 'random-seller'): {'profit': 11.392965454479715, 'count': 5}}"
379,50,0.48384872963422865,27.283240256052668,46,26.557036023809275,0.9733827717885419,0.4702996420744165,0.013549087559812156,4,"{('buyer', 'random-buyer'): {'profit': 10.873311370886455, 'count': 4}, ('buyer', 'ppobuyer'): {'profit': 2.568518139165816, 'count': 1}, ('seller', 'random-seller'): {'profit': 13.115206513757006, 'count': 5}}"
380,50,0.4981481750446358,24.067736492776056,47,23.862554334831223,0.9914748045373349,0.47186122695569865,0.026286948088937168,3,"{('buyer', 'random-buyer'): {'profit': 10.071793281030748, 'count': 4}, ('buyer', 'ppobuyer'): {'profit': 3.168614539883742, 'count': 1}, ('seller', 'random-seller'): {'profit': 10.622146513916734, 'count': 5}}"
381,50,0.48803356236653483,22.695328807428584,48,22.48872164199541,0.9908964894412304,0.47262283833830515,0.015410724028229683,2,"{('buyer', 'random-buyer'): {'profit': 9.919829200841505, 'count': 4}, ('buyer', 'ppobuyer'): {'profit': 2.5398989854079517, 'count': 1}, ('seller', 'random-seller'): {'profit': 10.028993455745953, 'count': 5}}"
382,50,0.506612310309354,25.60150715478342,47,25.336838424113402,0.989661986340497,0.4987547673026238,0.00785754300673025,3,"{('buyer', 'random-buyer'): {'profit': 10.546847371402157, 'count': 4}, ('buyer', 'ppobuyer'): {'profit': 2.8140699536235774, 'count': 1}, ('seller', 'random-seller'): {'profit': 11.97592109908767, 'count': 5}}"
383,50,0.5125585633106,26.927555017625096,48,26.710318511932215,0.9919325573543275,0.5210857990635499,0.008527235752949891,2,"{('buyer', 'random-buyer'): {'profit': 10.203654531677476, 'count': 4}, ('buyer', 'ppobuyer'): {'profit': 2.7081524526036755, 'count': 1}, ('seller', 'random-seller'): {'profit': 13.798511527651065, 'count': 5}}"
384,50,0.49641755482878747,28.079854665135997,49,27.852106361689614,0.9918892634537331,0.4914058209261065,0.005011733902680948,1,"{('buyer', 'random-buyer'): {'profit': 11.113942922101112, 'count': 4}, ('buyer', 'ppobuyer'): {'profit': 3.5613890838850844, 'count': 1}, ('seller', 'random-seller'): {'profit': 13.176774355703419, 'count': 5}}"
385,50,0.49209624409290853,25.948481701967225,48,25.856815742463624,0.9964673863944552,0.48522843837823393,0.006867805714674602,2,"{('buyer', 'random-buyer'): {'profit': 10.147096802409804, 'count': 4}, ('buyer', 'ppobuyer'): {'profit': 3.026979568443179, 'count': 1}, ('seller', 'random-seller'): {'profit': 12.68273937161064, 'count': 5}}"
386,50,0.5033363627215401,24.125639250545884,47,23.94469395659673,0.9924998756687842,0.4899271691036036,0.013409193617936521,3,"{('buyer', 'random-buyer'): {'profit': 9.490162772601426, 'count': 4}, ('buyer', 'ppobuyer'): {'profit': 2.2034246113444778, 'count': 1}, ('seller', 'random-seller'): {'profit': 12.251106572650828, 'count': 5}}"
387,50,0.4918071216494828,25.94284180730392,48,25.728922924538033,0.9917542232129072,0.4857505122273634,0.006056609422119441,2,"{('buyer', 'random-buyer'): {'profit': 10.424143475810038, 'count': 4}, ('buyer', 'ppobuyer'): {'profit': 3.2724721549109734, 'count': 1}, ('seller', 'random-seller'): {'profit': 12.03230729381702, 'count': 5}}"
388,50,0.5017872827059424,25.58518770880009,44,24.921300248166723,0.9740518823551558,0.4547228995286288,0.047064383177313596,6,"{('buyer', 'random-buyer'): {'profit': 11.801631356969454, 'count': 4}, ('buyer', 'ppobuyer'): {'profit': 1.5056028798608367, 'count': 1}, ('seller', 'random-seller'): {'profit': 11.614066011336432, 'count': 5}}"
389,50,0.49997020004450876,24.159674591843743,46,23.72588782311532,0.9820450078050774,0.5165301129499145,0.016559912905405705,4,"{('buyer', 'random-buyer'): {'profit': 9.004058076683748, 'count': 4}, ('buyer', 'ppobuyer'): {'profit': 2.345156255582591, 'count': 1}, ('seller', 'random-seller'): {'profit': 12.37667349084898, 'count': 5}}"
390,50,0.49900719748376643,26.872972079942784,49,26.8379819002977,0.9986979415770986,0.5124520345544332,0.013444837070666793,1,"{('buyer', 'random-buyer'): {'profit': 10.644276175461389, 'count': 4}, ('buyer', 'ppobuyer'): {'profit': 3.435464832690586, 'count': 1}, ('seller', 'random-seller'): {'profit': 12.758240892145725, 'count': 5}}"
391,50,0.4971610190825966,23.66821884289557,46,23.297790104624134,0.9843491079438524,0.4735684507102148,0.023592568372381773,4,"{('buyer', 'random-buyer'): {'profit': 9.612607974735502, 'count': 4}, ('buyer', 'ppobuyer'): {'profit': 2.1853828845479506, 'count': 1}, ('seller', 'random-seller'): {'profit': 11.499799245340684, 'count': 5}}"
392,50,0.4939412203565603,25.837295497915342,48,25.687479331202915,0.9942015538458925,0.45990229164882507,0.03403892870773523,2,"{('buyer', 'random-buyer'): {'profit': 10.78815592733305, 'count': 4}, ('buyer', 'ppobuyer'): {'profit': 2.87875947429752, 'count': 1}, ('seller', 'random-seller'): {'profit': 12.020563929572345, 'count': 5}}"
393,50,0.5083756220122687,24.090509589350606,47,23.791221453675107,0.9875765128767636,0.48656898040831315,0.021806641603955568,3,"{('buyer', 'random-buyer'): {'profit': 9.722844907194077, 'count': 4}, ('buyer', 'ppobuyer'): {'profit': 2.9763581510761052, 'count': 1}, ('seller', 'random-seller'): {'profit': 11.092018395404924, 'count': 5}}"
394,50,0.49964832641115553,23.98618878729841,46,23.288977841495186,0.9709328167144076,0.5107412834088161,0.011092956997660552,4,"{('buyer', 'random-buyer'): {'profit': 10.085135735220236, 'count': 4}, ('buyer', 'ppobuyer'): {'profit': 2.492342613349723, 'count': 1}, ('seller', 'random-seller'): {'profit': 10.711499492925228, 'count': 5}}"
395,50,0.49111086262046244,26.737684299974145,47,26.428496585019836,0.9884362568019921,0.5240933196744388,0.0329824570539764,3,"{('buyer', 'random-buyer'): {'profit': 10.61866798669719, 'count': 4}, ('buyer', 'ppobuyer'): {'profit': 2.73624758290263, 'count': 1}, ('seller', 'random-seller'): {'profit': 13.073581015420018, 'count': 5}}"
396,50,0.5028964711085453,25.48907159523079,46,25.075496683534325,0.9837744222989335,0.46613879917252,0.036757671936025305,4,"{('buyer', 'random-buyer'): {'profit': 11.163308807563702, 'count': 4}, ('buyer', 'ppobuyer'): {'profit': 1.7770686499823016, 'count': 1}, ('seller', 'random-seller'): {'profit': 12.135119225988321, 'count': 5}}"
397,50,0.5007360919851018,26.58522227553648,47,26.243163470088845,0.9871334983810763,0.5076810544346007,0.006944962449498826,3,"{('buyer', 'random-buyer'): {'profit': 10.771918513520703, 'count': 4}, ('buyer', 'ppobuyer'): {'profit': 3.108406377138106, 'count': 1}, ('seller', 'random-seller'): {'profit': 12.362838579430036, 'count': 5}}"
398,50,0.516208977999732,25.907160883510944,48,25.78010137440802,0.9950955834306108,0.46493920876121636,0.05126976923851562,2,"{('buyer', 'random-buyer'): {'profit': 10.945268568942755, 'count': 4}, ('buyer', 'ppobuyer'): {'profit': 2.4630133252633284, 'count': 1}, ('seller', 'random-seller'): {'profit': 12.371819480201935, 'count': 5}}"
399,50,0.5010160118411012,25.73059980570491,49,25.637035232435935,0.9963636847187592,0.4961791197974985,0.004836892043602714,1,"{('buyer', 'random-buyer'): {'profit': 8.904590899877586, 'count': 4}, ('buyer', 'ppobuyer'): {'profit': 4.196885276269336, 'count': 1}, ('seller', 'random-seller'): {'profit': 12.53555905628901, 'count': 5}}"
400,50,0.49078794181505964,25.153284698508617,46,24.50492193930293,0.9742235351375746,0.4675875516621374,0.023200390152922246,4,"{('buyer', 'random-buyer'): {'profit': 10.408489629612346, 'count': 4}, ('buyer', 'ppobuyer'): {'profit': 2.637836839239762, 'count': 1}, ('seller', 'random-seller'): {'profit': 11.45859547045082, 'count': 5}}"
401,50,0.5012418309730844,26.827273091046912,47,26.34649493000306,0.9820787539824798,0.5001260136700857,0.0011158173029987006,3,"{('buyer', 'random-buyer'): {'profit': 10.472220936682405, 'count': 4}, ('buyer', 'ppobuyer'): {'profit': 2.7578665688505506, 'count': 1}, ('seller', 'random-seller'): {'profit': 13.116407424470108, 'count': 5}}"
402,50,0.4996265033936418,25.04842958770195,49,24.987487143959655,0.997567015387974,0.4710736669508658,0.02855283644277601,1,"{('buyer', 'random-buyer'): {'profit': 10.074461569744974, 'count': 4}, ('buyer', 'ppobuyer'): {'profit': 3.516177633075185, 'count': 1}, ('seller', 'random-seller'): {'profit': 11.396847941139495, 'count': 5}}"
403,50,0.49863676970271675,26.52510067726876,46,25.99889553098797,0.9801619924959707,0.48012355239271587,0.018513217310000885,4,"{('buyer', 'random-buyer'): {'profit': 11.272860500716254, 'count': 4}, ('buyer', 'ppobuyer'): {'profit': 2.4888784138427638, 'count': 1}, ('seller', 'random-seller'): {'profit': 12.237156616428951, 'count': 5}}"
404,50,0.4905164119579586,23.240055189050608,49,23.20462109233011,0.9984753006637784,0.45538355361544475,0.03513285834251384,1,"{('buyer', 'random-buyer'): {'profit': 8.693837719643767, 'count': 4}, ('buyer', 'ppobuyer'): {'profit': 3.233764613592117, 'count': 1}, ('seller', 'random-seller'): {'profit': 11.277018759094227, 'count': 5}}"
405,50,0.5003119050409388,23.61888775716259,48,23.52428454162123,0.9959945948126762,0.48620285495760857,0.014109050083330243,2,"{('buyer', 'random-buyer'): {'profit': 9.229145791149193, 'count': 4}, ('buyer', 'ppobuyer'): {'profit': 2.807908492568738, 'count': 1}, ('seller', 'random-seller'): {'profit': 11.487230257903299, 'count': 5}}"
406,50,0.5082228142421199,24.69146879189964,50,24.691468791899634,0.9999999999999997,0.520393776502394,0.012170962260274143,0,"{('buyer', 'random-buyer'): {'profit': 8.483005370217063, 'count': 4}, ('buyer', 'ppobuyer'): {'profit': 3.7015958242908273, 'count': 1}, ('seller', 'random-seller'): {'profit': 12.506867597391745, 'count': 5}}"
407,50,0.5074803585684312,23.355362403215263,47,22.98703553278396,0.9842294517176665,0.473358456419769,0.03412190214866223,3,"{('buyer', 'random-buyer'): {'profit': 9.270865350701989, 'count': 4}, ('buyer', 'ppobuyer'): {'profit': 2.5801343001511476, 'count': 1}, ('seller', 'random-seller'): {'profit': 11.136035881930823, 'count': 5}}"
408,50,0.4922466434343259,24.337167787183574,48,24.157982883429042,0.9926373970331546,0.5072149865456158,0.014968343111289917,2,"{('buyer', 'random-buyer'): {'profit': 8.918511726697986, 'count': 4}, ('buyer', 'ppobuyer'): {'profit': 2.762906022150511, 'count': 1}, ('seller', 'random-seller'): {'profit': 12.476565134580545, 'count': 5}}"
409,50,0.4988550615431754,22.624871523849684,47,22.33857976939295,0.9873461489425501,0.5062398105576855,0.007384749014510139,3,"{('buyer', 'random-buyer'): {'profit': 8.290060359089667, 'count': 4}, ('buyer', 'ppobuyer'): {'profit': 2.656427251322818, 'count': 1}, ('seller', 'random-seller'): {'profit': 11.392092158980468, 'count': 5}}"
410,50,0.4959417028282414,24.20369095777937,49,24.159462403278532,0.99817265248602,0.4796628968045378,0.01627880602370363,1,"{('buyer', 'random-buyer'): {'profit': 9.472110448831753, 'count': 4}, ('buyer', 'ppobuyer'): {'profit': 3.591751706599852, 'count': 1}, ('seller', 'random-seller'): {'profit': 11.09560024784693, 'count': 5}}"
411,50,0.4955808484279891,26.170729834832173,47,25.745184221292007,0.9837396352250833,0.5064749945798983,0.010894146151909201,3,"{('buyer', 'random-buyer'): {'profit': 10.38382253890308, 'count': 4}, ('buyer', 'ppobuyer'): {'profit': 2.940147554193543, 'count': 1}, ('seller', 'random-seller'): {'profit': 12.421214128195382, 'count': 5}}"
412,50,0.49876546618976403,26.40020773986515,45,25.56009342309826,0.9681777384085395,0.48838165128766425,0.010383814902099775,5,"{('buyer', 'random-buyer'): {'profit': 10.50454068072538, 'count': 4}, ('buyer', 'ppobuyer'): {'profit': 1.9055517483174285, 'count': 1}, ('seller', 'random-seller'): {'profit': 13.150000994055452, 'count': 5}}"
413,50,0.5027363149554631,24.07472853674515,46,23.61618158061981,0.9809531826942323,0.5440037116405759,0.04126739668511281,4,"{('buyer', 'random-buyer'): {'profit': 8.196899578142345, 'count': 4}, ('buyer', 'ppobuyer'): {'profit': 2.5568341256220006, 'count': 1}, ('seller', 'random-seller'): {'profit': 12.862447876855462, 'count': 5}}"
414,50,0.5019755087809661,24.264326947914675,48,24.139057610227844,0.9948373042468587,0.49276428648620624,0.009211222294759847,2,"{('buyer', 'random-buyer'): {'profit': 8.73784445452803, 'count': 4}, ('buyer', 'ppobuyer'): {'profit': 3.413339295760207, 'count': 1}, ('seller', 'random-seller'): {'profit': 11.987873859939608, 'count': 5}}"
415,50,0.48542181755362623,27.232891993060615,47,26.837139369752975,0.9854678444210595,0.49835762874495576,0.012935811191329527,3,"{('buyer', 'random-buyer'): {'profit': 10.603950371598348, 'count': 4}, ('buyer', 'ppobuyer'): {'profit': 3.013374937726064, 'count': 1}, ('seller', 'random-seller'): {'profit': 13.219814060428563, 'count': 5}}"
416,50,0.5005761940808916,24.894030660539713,44,24.010966644140144,0.9645270776580451,0.5398052578494724,0.03922906376858082,6,"{('buyer', 'random-buyer'): {'profit': 9.538724158592128, 'count': 4}, ('buyer', 'ppobuyer'): {'profit': 2.0352087495725386, 'count': 1}, ('seller', 'random-seller'): {'profit': 12.437033735975477, 'count': 5}}"
417,50,0.5015503264678038,24.882138989186434,48,24.697524535290082,0.9925804427836135,0.5037698993802706,0.002219572912466772,2,"{('buyer', 'random-buyer'): {'profit': 9.888722492024044, 'count': 4}, ('buyer', 'ppobuyer'): {'profit': 2.8768316755110637, 'count': 1}, ('seller', 'random-seller'): {'profit': 11.931970367754975, 'count': 5}}"
418,50,0.5053164961356635,25.66106364614507,45,24.610087823110344,0.9590439493262155,0.46863027567157883,0.03668622046408471,5,"{('buyer', 'random-buyer'): {'profit': 11.317554325421733, 'count': 4}, ('buyer', 'ppobuyer'): {'profit': 2.0049743647632408, 'count': 1}, ('seller', 'random-seller'): {'profit': 11.28755913292537, 'count': 5}}"
419,50,0.5021085942575104,26.08990797994327,49,25.945240782555622,0.9944550514513558,0.5020866990582977,2.1895199212695893e-05,1,"{('buyer', 'random-buyer'): {'profit': 10.3972489832349, 'count': 4}, ('buyer', 'ppobuyer'): {'profit': 3.7347379189606675, 'count': 1}, ('seller', 'random-seller'): {'profit': 11.813253880360053, 'count': 5}}"
420,50,0.4966544627927569,24.65176339541604,47,24.202615188565087,0.9817802807999337,0.4750638167031629,0.02159064608959399,3,"{('buyer', 'random-buyer'): {'profit': 11.136508143731719, 'count': 4}, ('buyer', 'ppobuyer'): {'profit': 2.914699189153119, 'count': 1}, ('seller', 'random-seller'): {'profit': 10.15140785568025, 'count': 5}}"
421,50,0.4947823294468355,26.95377915659217,48,26.7371545656335,0.9919631087833675,0.4999392529103797,0.0051569234635442385,2,"{('buyer', 'random-buyer'): {'profit': 10.33284453805051, 'count': 4}, ('buyer', 'ppobuyer'): {'profit': 3.284626143019063, 'count': 1}, ('seller', 'random-seller'): {'profit': 13.119683884563926, 'count': 5}}"
422,50,0.4967400267554126,21.84829529296541,48,21.64901635626473,0.9908789709206813,0.4973406312754547,0.0006006045200420695,2,"{('buyer', 'random-buyer'): {'profit': 8.436884588102235, 'count': 4}, ('buyer', 'ppobuyer'): {'profit': 2.4501283907668387, 'count': 1}, ('seller', 'random-seller'): {'profit': 10.762003377395656, 'count': 5}}"
423,50,0.4994779054086058,23.799557498004177,48,23.70590485362019,0.9960649417791974,0.4721561310326392,0.027321774375966612,2,"{('buyer', 'random-buyer'): {'profit': 9.180357587102952, 'count': 4}, ('buyer', 'ppobuyer'): {'profit': 3.4803085060746812, 'count': 1}, ('seller', 'random-seller'): {'profit': 11.045238760442555, 'count': 5}}"
424,50,0.5001296792719242,24.385823142661746,49,24.330580264921522,0.9977346314119871,0.4930636830996277,0.007065996172296474,1,"{('buyer', 'random-buyer'): {'profit': 9.71515023648679, 'count': 4}, ('buyer', 'ppobuyer'): {'profit': 2.975222462841606, 'count': 1}, ('seller', 'random-seller'): {'profit': 11.640207565593126, 'count': 5}}"
425,50,0.493650687783711,23.686802582829337,45,22.898348567891325,0.9667133623383358,0.45328126571604305,0.04036942206766797,5,"{('buyer', 'random-buyer'): {'profit': 9.999036361079465, 'count': 4}, ('buyer', 'ppobuyer'): {'profit': 2.170614411260029, 'count': 1}, ('seller', 'random-seller'): {'profit': 10.728697795551833, 'count': 5}}"
426,50,0.4935796899725575,26.557043500702704,49,26.50122884267435,0.9978983105545285,0.48791421493489334,0.0056654750376641805,1,"{('buyer', 'random-buyer'): {'profit': 10.16437129039204, 'count': 4}, ('buyer', 'ppobuyer'): {'profit': 3.747229731814224, 'count': 1}, ('seller', 'random-seller'): {'profit': 12.589627820468085, 'count': 5}}"
427,50,0.5085465317334412,25.591522037150856,47,25.27282346276023,0.987546712777459,0.5024468063778851,0.00609972535555614,3,"{('buyer', 'random-buyer'): {'profit': 9.02528378293475, 'count': 4}, ('buyer', 'ppobuyer'): {'profit': 3.066195182037971, 'count': 1}, ('seller', 'random-seller'): {'profit': 13.181344497787506, 'count': 5}}"
428,50,0.49943161861536894,27.06503104957945,48,27.00767750028116,0.9978808984481405,0.5029727579953355,0.003541139379966529,2,"{('buyer', 'random-buyer'): {'profit': 10.05040359022518, 'count': 4}, ('buyer', 'ppobuyer'): {'profit': 3.294017970909451, 'count': 1}, ('seller', 'random-seller'): {'profit': 13.66325593914653, 'count': 5}}"
429,50,0.49264518223389475,24.60332620627537,48,24.43070434168265,0.9929837997047452,0.50626276951139,0.013617587277495291,2,"{('buyer', 'random-buyer'): {'profit': 9.552442411149674, 'count': 4}, ('buyer', 'ppobuyer'): {'profit': 3.004793903871514, 'count': 1}, ('seller', 'random-seller'): {'profit': 11.87346802666146, 'count': 5}}"
430,50,0.5030377695923356,23.886771838719984,45,23.455025904670038,0.9819253125970712,0.4751849228690418,0.0278528467232938,5,"{('buyer', 'random-buyer'): {'profit': 9.977144071802043, 'count': 4}, ('buyer', 'ppobuyer'): {'profit': 2.4585338976385813, 'count': 1}, ('seller', 'random-seller'): {'profit': 11.019347935229412, 'count': 5}}"
431,50,0.5042820570307538,26.391990368416796,47,26.037463071904362,0.9865668601888892,0.4829108552848635,0.0213712017458903,3,"{('buyer', 'random-buyer'): {'profit': 10.782451393744415, 'count': 4}, ('buyer', 'ppobuyer'): {'profit': 2.46801946764723, 'count': 1}, ('seller', 'random-seller'): {'profit': 12.786992210512718, 'count': 5}}"
432,50,0.4999835998422899,23.439244230261824,47,23.1199347410868,0.9863771422816282,0.47863905399562057,0.02134454584666934,3,"{('buyer', 'random-buyer'): {'profit': 9.534721455598898, 'count': 4}, ('buyer', 'ppobuyer'): {'profit': 2.011303631229052, 'count': 1}, ('seller', 'random-seller'): {'profit': 11.573909654258852, 'count': 5}}"
433,50,0.49519347146132076,23.16129265500091,46,22.744213097638166,0.9819923886125289,0.48982286960663485,0.005370601854685908,4,"{('buyer', 'random-buyer'): {'profit': 9.816151250009211, 'count': 4}, ('buyer', 'ppobuyer'): {'profit': 2.1381254577131172, 'count': 1}, ('seller', 'random-seller'): {'profit': 10.78993638991584, 'count': 5}}"
434,50,0.5043132825023923,25.89343668839537,49,25.872828546460994,0.9992041171597894,0.4838717100663483,0.020441572436043942,1,"{('buyer', 'random-buyer'): {'profit': 10.433613010559348, 'count': 4}, ('buyer', 'ppobuyer'): {'profit': 2.8255196558988667, 'count': 1}, ('seller', 'random-seller'): {'profit': 12.61369588000278, 'count': 5}}"
435,50,0.5107777915279486,25.059210081807187,48,24.806006034763197,0.9898957690119764,0.4767359064333716,0.03404188509457695,2,"{('buyer', 'random-buyer'): {'profit': 9.979310601722982, 'count': 4}, ('buyer', 'ppobuyer'): {'profit': 3.871922134007444, 'count': 1}, ('seller', 'random-seller'): {'profit': 10.95477329903277, 'count': 5}}"
436,50,0.48767528377801095,23.815670138291765,48,23.611944325982794,0.9914457241334809,0.4726204488856072,0.015054834892403723,2,"{('buyer', 'random-buyer'): {'profit': 9.088411744926423, 'count': 4}, ('buyer', 'ppobuyer'): {'profit': 3.1389939274195733, 'count': 1}, ('seller', 'random-seller'): {'profit': 11.384538653636797, 'count': 5}}"
437,50,0.49726030996553805,22.959605981542403,47,22.820313441893063,0.9939331476436782,0.4640110602097102,0.033249249755827825,3,"{('buyer', 'random-buyer'): {'profit': 8.589239625836425, 'count': 4}, ('buyer', 'ppobuyer'): {'profit': 3.0187642596406774, 'count': 1}, ('seller', 'random-seller'): {'profit': 11.21230955641596, 'count': 5}}"
438,50,0.5041063990201397,24.66031166482778,45,24.271051391465466,0.9842151113638395,0.4536853917787974,0.05042100724134224,5,"{('buyer', 'random-buyer'): {'profit': 10.746288381816719, 'count': 4}, ('buyer', 'ppobuyer'): {'profit': 2.143491839353203, 'count': 1}, ('seller', 'random-seller'): {'profit': 11.381271170295545, 'count': 5}}"
439,50,0.49658773112114385,24.487994923403928,48,24.377592772577238,0.995491580622586,0.49775761032443033,0.0011698792032864835,2,"{('buyer', 'random-buyer'): {'profit': 9.916367347793862, 'count': 4}, ('buyer', 'ppobuyer'): {'profit': 3.2941055073459156, 'count': 1}, ('seller', 'random-seller'): {'profit': 11.167119917437459, 'count': 5}}"
440,50,0.5038693671582011,24.476286936924303,47,24.24150191125262,0.9904076534861384,0.5052857726460375,0.0014164054878363919,3,"{('buyer', 'random-buyer'): {'profit': 9.782692392406375, 'count': 4}, ('buyer', 'ppobuyer'): {'profit': 2.224020102369259, 'count': 1}, ('seller', 'random-seller'): {'profit': 12.234789416476984, 'count': 5}}"
441,50,0.49479686150420343,24.36160369707743,47,23.941244016430304,0.9827449914269167,0.49330266330102535,0.0014941982031780876,3,"{('buyer', 'random-buyer'): {'profit': 9.695617359299764, 'count': 4}, ('buyer', 'ppobuyer'): {'profit': 2.4196160942830205, 'count': 1}, ('seller', 'random-seller'): {'profit': 11.82601056284752, 'count': 5}}"
442,50,0.48672458034229266,25.192013649554195,46,24.519211851534095,0.9732930520211907,0.4876265061700927,0.0009019258278000208,4,"{('buyer', 'random-buyer'): {'profit': 10.242343207243081, 'count': 4}, ('buyer', 'ppobuyer'): {'profit': 2.889965173832293, 'count': 1}, ('seller', 'random-seller'): {'profit': 11.38690347045872, 'count': 5}}"
443,50,0.4954153239829598,25.503135435158423,47,25.071925150112843,0.9830918717370289,0.4728074003747372,0.022607923608222613,3,"{('buyer', 'random-buyer'): {'profit': 10.609190529678553, 'count': 4}, ('buyer', 'ppobuyer'): {'profit': 2.857637513060887, 'count': 1}, ('seller', 'random-seller'): {'profit': 11.605097107373403, 'count': 5}}"
444,50,0.49074266806923605,25.38183798934546,48,25.258718206753123,0.9951492960185145,0.48166197793713755,0.009080690132098501,2,"{('buyer', 'random-buyer'): {'profit': 10.30878537887429, 'count': 4}, ('buyer', 'ppobuyer'): {'profit': 3.5945979588577814, 'count': 1}, ('seller', 'random-seller'): {'profit': 11.35533486902105, 'count': 5}}"
445,50,0.4972671622624432,23.14475826661872,43,22.113606869501204,0.9554477352824753,0.48973892327470936,0.00752823898773386,7,"{('buyer', 'random-buyer'): {'profit': 10.127786150955263, 'count': 4}, ('buyer', 'ppobuyer'): {'profit': 1.1663670001250535, 'count': 1}, ('seller', 'random-seller'): {'profit': 10.819453718420888, 'count': 5}}"
446,50,0.49289864160058844,26.565530295875295,47,26.372246735223563,0.9927242724500877,0.4894021445373716,0.0034964970632168635,3,"{('buyer', 'random-buyer'): {'profit': 10.492687924517424, 'count': 4}, ('buyer', 'ppobuyer'): {'profit': 2.8518280614737255, 'count': 1}, ('seller', 'random-seller'): {'profit': 13.027730749232415, 'count': 5}}"
447,50,0.500891119554697,24.418837181524268,48,24.296561363379432,0.9949925617982599,0.49788636762453203,0.0030047519301649728,2,"{('buyer', 'random-buyer'): {'profit': 9.962863704376133, 'count': 4}, ('buyer', 'ppobuyer'): {'profit': 2.516535802921569, 'count': 1}, ('seller', 'random-seller'): {'profit': 11.81716185608173, 'count': 5}}"
448,50,0.49426631947931987,24.621296563465847,45,24.016412104990994,0.97543246932932,0.4767929975739107,0.017473321905409178,5,"{('buyer', 'random-buyer'): {'profit': 9.970851459051342, 'count': 4}, ('buyer', 'ppobuyer'): {'profit': 1.9129647438507176, 'count': 1}, ('seller', 'random-seller'): {'profit': 12.132595902088934, 'count': 5}}"
449,50,0.5003201728854583,26.447938578002866,47,26.15606657715822,0.9889642816590856,0.49331662849911684,0.0070035443863414315,3,"{('buyer', 'random-buyer'): {'profit': 10.521582321542384, 'count': 4}, ('buyer', 'ppobuyer'): {'profit': 2.8921267531583923, 'count': 1}, ('seller', 'random-seller'): {'profit': 12.742357502457445, 'count': 5}}"
450,50,0.5082520602736701,25.962585866674875,48,25.668109002772695,0.9886576450660809,0.4819636196279533,0.026288440645716782,2,"{('buyer', 'random-buyer'): {'profit': 9.885338272530191, 'count': 4}, ('buyer', 'ppobuyer'): {'profit': 3.480950123759661, 'count': 1}, ('seller', 'random-seller'): {'profit': 12.30182060648284, 'count': 5}}"
451,50,0.4950325128999824,24.034946966558596,49,23.875474111717676,0.9933649591545675,0.48066559024069433,0.014366922659288073,1,"{('buyer', 'random-buyer'): {'profit': 9.229805658330926, 'count': 4}, ('buyer', 'ppobuyer'): {'profit': 3.752825263100333, 'count': 1}, ('seller', 'random-seller'): {'profit': 10.892843190286417, 'count': 5}}"
452,50,0.49656868159998035,23.028116617053392,48,22.821628140812557,0.9910332017301007,0.46789072230654066,0.028677959293439692,2,"{('buyer', 'random-buyer'): {'profit': 9.792941259165985, 'count': 4}, ('buyer', 'ppobuyer'): {'profit': 3.4229290150306113, 'count': 1}, ('seller', 'random-seller'): {'profit': 9.60575786661596, 'count': 5}}"
453,50,0.5037521736496833,24.967644064261066,47,24.487624887108534,0.9807743503585252,0.470706067503276,0.033046106146407295,3,"{('buyer', 'random-buyer'): {'profit': 10.150805047286049, 'count': 4}, ('buyer', 'ppobuyer'): {'profit': 2.8359643577952083, 'count': 1}, ('seller', 'random-seller'): {'profit': 11.500855482027276, 'count': 5}}"
454,50,0.4990405939800021,22.704692076849927,45,22.09542101872275,0.9731654119745408,0.444591133456209,0.054449460523793125,5,"{('buyer', 'random-buyer'): {'profit': 10.173664949405186, 'count': 4}, ('buyer', 'ppobuyer'): {'profit': 1.8544115429769443, 'count': 1}, ('seller', 'random-seller'): {'profit': 10.06734452634062, 'count': 5}}"
455,50,0.5005709451115019,25.25042243203431,47,24.884841431464547,0.9855217867521312,0.47467170783101864,0.025899237280483267,3,"{('buyer', 'random-buyer'): {'profit': 10.464926551521595, 'count': 4}, ('buyer', 'ppobuyer'): {'profit': 2.9777658854368148, 'count': 1}, ('seller', 'random-seller'): {'profit': 11.442148994506137, 'count': 5}}"
456,50,0.49782910792271634,25.247523199233648,45,24.52132073289858,0.9712366848579781,0.4571023263133271,0.04072678160938925,5,"{('buyer', 'random-buyer'): {'profit': 11.220620685774433, 'count': 4}, ('buyer', 'ppobuyer'): {'profit': 2.0955494917309756, 'count': 1}, ('seller', 'random-seller'): {'profit': 11.205150555393171, 'count': 5}}"
457,50,0.49784869512928304,24.371638017866154,49,24.335483186159735,0.9985165202404568,0.4724704466128304,0.02537824851645265,1,"{('buyer', 'random-buyer'): {'profit': 9.279002803487097, 'count': 4}, ('buyer', 'ppobuyer'): {'profit': 3.1507246802203666, 'count': 1}, ('seller', 'random-seller'): {'profit': 11.905755702452272, 'count': 5}}"
458,50,0.5071241934971031,21.852215942368353,45,21.330589810400113,0.9761293713487024,0.5259274764801873,0.018803282983084202,5,"{('buyer', 'random-buyer'): {'profit': 9.95410199694167, 'count': 4}, ('buyer', 'ppobuyer'): {'profit': 2.0070211902670705, 'count': 1}, ('seller', 'random-seller'): {'profit': 9.369466623191371, 'count': 5}}"
459,50,0.5034685380710023,27.11218077054414,50,27.112180770544136,0.9999999999999999,0.474947446580379,0.028521091490623318,0,"{('buyer', 'random-buyer'): {'profit': 10.117056680212976, 'count': 4}, ('buyer', 'ppobuyer'): {'profit': 3.7206141444403813, 'count': 1}, ('seller', 'random-seller'): {'profit': 13.274509945890781, 'count': 5}}"
460,50,0.5003544690776794,24.81045679388237,49,24.67668494703392,0.9946082473224985,0.5050105146496362,0.004656045571956757,1,"{('buyer', 'random-buyer'): {'profit': 9.76487394944537, 'count': 4}, ('buyer', 'ppobuyer'): {'profit': 3.2451389811034357, 'count': 1}, ('seller', 'random-seller'): {'profit': 11.666672016485112, 'count': 5}}"
461,50,0.4941581604902592,26.177994003585614,49,26.108623404678276,0.9973500414547488,0.4842315927541823,0.009926567736076863,1,"{('buyer', 'random-buyer'): {'profit': 10.135742363844717, 'count': 4}, ('buyer', 'ppobuyer'): {'profit': 3.8085395450935575, 'count': 1}, ('seller', 'random-seller'): {'profit': 12.16434149574, 'count': 5}}"
462,50,0.4983305499795705,25.391097018481855,44,24.572187277841163,0.9677481544005516,0.48643525492457673,0.01189529505499376,6,"{('buyer', 'random-buyer'): {'profit': 11.049677470484575, 'count': 4}, ('buyer', 'ppobuyer'): {'profit': 1.6302537800002503, 'count': 1}, ('seller', 'random-seller'): {'profit': 11.892256027356337, 'count': 5}}"
463,50,0.49217222383164927,23.334695681913885,46,23.012853588170444,0.9862075727007277,0.4639483472633024,0.02822387656834685,4,"{('buyer', 'random-buyer'): {'profit': 9.515577064318746, 'count': 4}, ('buyer', 'ppobuyer'): {'profit': 1.9598076481378044, 'count': 1}, ('seller', 'random-seller'): {'profit': 11.537468875713893, 'count': 5}}"
464,50,0.5019393343610131,23.958717679373898,48,23.76744705195122,0.9920166584045796,0.506302257239041,0.004362922878027864,2,"{('buyer', 'random-buyer'): {'profit': 9.548232233761532, 'count': 4}, ('buyer', 'ppobuyer'): {'profit': 3.283796414194631, 'count': 1}, ('seller', 'random-seller'): {'profit': 10.935418403995056, 'count': 5}}"
465,50,0.4989937117851726,23.556726607626537,46,23.21371945218562,0.9854390993640914,0.48676892157627605,0.012224790208896552,4,"{('buyer', 'random-buyer'): {'profit': 9.99753497412101, 'count': 4}, ('buyer', 'ppobuyer'): {'profit': 2.468083774673187, 'count': 1}, ('seller', 'random-seller'): {'profit': 10.748100703391426, 'count': 5}}"
466,50,0.5001206076433299,26.712133112901537,48,26.551879072984534,0.9940007022561742,0.4821292307111314,0.01799137693219849,2,"{('buyer', 'random-buyer'): {'profit': 10.95687716707829, 'count': 4}, ('buyer', 'ppobuyer'): {'profit': 3.1218337123940594, 'count': 1}, ('seller', 'random-seller'): {'profit': 12.473168193512187, 'count': 5}}"
467,50,0.4989032231728011,28.419164263318443,46,27.508723256692058,0.9679638360160534,0.4789650012697963,0.019938221903004816,4,"{('buyer', 'random-buyer'): {'profit': 11.171618885597276, 'count': 4}, ('buyer', 'ppobuyer'): {'profit': 2.6314282095343353, 'count': 1}, ('seller', 'random-seller'): {'profit': 13.705676161560449, 'count': 5}}"
468,50,0.5089519966006215,27.176095856146905,48,26.99752327698354,0.9934290569142596,0.5133933229613372,0.004441326360715703,2,"{('buyer', 'random-buyer'): {'profit': 10.746877486823971, 'count': 4}, ('buyer', 'ppobuyer'): {'profit': 3.304363918542309, 'count': 1}, ('seller', 'random-seller'): {'profit': 12.94628187161726, 'count': 5}}"
469,50,0.497154352856813,25.577698957249915,47,25.26916618182379,0.9879374303395391,0.48179023993096004,0.015364112925852935,3,"{('buyer', 'random-buyer'): {'profit': 10.172431040301227, 'count': 4}, ('buyer', 'ppobuyer'): {'profit': 2.289219823397664, 'count': 1}, ('seller', 'random-seller'): {'profit': 12.807515318124898, 'count': 5}}"
470,50,0.4991518894477112,25.162362481526454,46,24.97641133768023,0.9926099489273813,0.4500626812287035,0.049089208219007696,4,"{('buyer', 'random-buyer'): {'profit': 11.07986136133562, 'count': 4}, ('buyer', 'ppobuyer'): {'profit': 2.451889875163423, 'count': 1}, ('seller', 'random-seller'): {'profit': 11.444660101181185, 'count': 5}}"
471,50,0.4980019468597689,27.391006756258395,48,27.081310780511014,0.9886935161418767,0.5011748251398814,0.0031728782801125344,2,"{('buyer', 'random-buyer'): {'profit': 10.93322697566514, 'count': 4}, ('buyer', 'ppobuyer'): {'profit': 2.824203316516681, 'count': 1}, ('seller', 'random-seller'): {'profit': 13.323880488329195, 'count': 5}}"
472,50,0.4894827649621387,24.115574370465527,49,24.06049915539549,0.9977161972497952,0.4935797892459294,0.004097024283790662,1,"{('buyer', 'random-buyer'): {'profit': 8.755330512603761, 'count': 4}, ('buyer', 'ppobuyer'): {'profit': 3.2052789378902915, 'count': 1}, ('seller', 'random-seller'): {'profit': 12.099889704901436, 'count': 5}}"
473,50,0.5036721229701726,26.62177468706273,49,26.601533390647695,0.9992396714098527,0.4997032742997846,0.003968848670387992,1,"{('buyer', 'random-buyer'): {'profit': 9.541315605830409, 'count': 4}, ('buyer', 'ppobuyer'): {'profit': 4.115595669481895, 'count': 1}, ('seller', 'random-seller'): {'profit': 12.94462211533539, 'count': 5}}"
474,50,0.49333108927826763,26.233377577659642,48,26.093353745281235,0.9946623787972445,0.4931429523660374,0.0001881369122302412,2,"{('buyer', 'random-buyer'): {'profit': 10.59091085921531, 'count': 4}, ('buyer', 'ppobuyer'): {'profit': 2.8991733482095774, 'count': 1}, ('seller', 'random-seller'): {'profit': 12.603269537856349, 'count': 5}}"
475,50,0.5018230122455652,26.337130332454603,46,25.81518909713565,0.9801823042704172,0.5005111756637544,0.001311836581810888,4,"{('buyer', 'random-buyer'): {'profit': 9.846556420909815, 'count': 4}, ('buyer', 'ppobuyer'): {'profit': 2.9994530864126867, 'count': 1}, ('seller', 'random-seller'): {'profit': 12.96917958981315, 'count': 5}}"
476,50,0.5026602868966292,24.11434943388049,47,23.958422340911206,0.9935338461691938,0.47411070079453455,0.02854958610209468,3,"{('buyer', 'random-buyer'): {'profit': 9.309991008268542, 'count': 4}, ('buyer', 'ppobuyer'): {'profit': 2.8422220345081914, 'count': 1}, ('seller', 'random-seller'): {'profit': 11.806209298134473, 'count': 5}}"
477,50,0.5019731490339144,24.733631658689575,48,24.545068503794468,0.9923762447222804,0.486690270440344,0.015282878593570415,2,"{('buyer', 'random-buyer'): {'profit': 9.581162286407777, 'count': 4}, ('buyer', 'ppobuyer'): {'profit': 3.083335766616009, 'count': 1}, ('seller', 'random-seller'): {'profit': 11.880570450770684, 'count': 5}}"
478,50,0.4918914230047887,26.571439170642915,45,26.19580067036658,0.9858630728330533,0.4861831409890525,0.005708282015736199,5,"{('buyer', 'random-buyer'): {'profit': 11.795927926386707, 'count': 4}, ('buyer', 'ppobuyer'): {'profit': 1.9738152156990962, 'count': 1}, ('seller', 'random-seller'): {'profit': 12.426057528280776, 'count': 5}}"
479,50,0.501378279326517,24.25802160972851,49,24.20739548219857,0.9979130149876017,0.4874187505408239,0.01395952878569312,1,"{('buyer', 'random-buyer'): {'profit': 9.430489535223385, 'count': 4}, ('buyer', 'ppobuyer'): {'profit': 2.723959774264465, 'count': 1}, ('seller', 'random-seller'): {'profit': 12.052946172710723, 'count': 5}}"
480,50,0.5025533982048294,26.350716377130258,48,26.16484089815549,0.9929460939006542,0.48438357625932565,0.018169821945503706,2,"{('buyer', 'random-buyer'): {'profit': 11.040696894280092, 'count': 4}, ('buyer', 'ppobuyer'): {'profit': 3.1152480487584358, 'count': 1}, ('seller', 'random-seller'): {'profit': 12.008895955116964, 'count': 5}}"
481,50,0.4927144492269599,25.057164943603414,46,24.6035694802688,0.9818975744320824,0.4920233896132492,0.0006910596137106872,4,"{('buyer', 'random-buyer'): {'profit': 10.56380264621546, 'count': 4}, ('buyer', 'ppobuyer'): {'profit': 2.611655263807279, 'count': 1}, ('seller', 'random-seller'): {'profit': 11.42811157024606, 'count': 5}}"
482,50,0.49834855468268136,22.857896276898515,46,22.343334847502092,0.9774886794846266,0.5071697595672072,0.008821204884525868,4,"{('buyer', 'random-buyer'): {'profit': 10.051511011257748, 'count': 4}, ('buyer', 'ppobuyer'): {'profit': 2.04259835034122, 'count': 1}, ('seller', 'random-seller'): {'profit': 10.249225485903127, 'count': 5}}"
483,50,0.49909579297760104,25.26670025494912,46,24.58511935421508,0.9730245384693422,0.4765029875039925,0.022592805473608535,4,"{('buyer', 'random-buyer'): {'profit': 10.865040911235518, 'count': 4}, ('buyer', 'ppobuyer'): {'profit': 2.552711722689906, 'count': 1}, ('seller', 'random-seller'): {'profit': 11.167366720289658, 'count': 5}}"
484,50,0.4958919781603976,23.010931659919436,48,22.943693053737423,0.9970779711497241,0.4899720451958654,0.005919932964532193,2,"{('buyer', 'random-buyer'): {'profit': 8.73326217019224, 'count': 4}, ('buyer', 'ppobuyer'): {'profit': 3.367056638388445, 'count': 1}, ('seller', 'random-seller'): {'profit': 10.843374245156738, 'count': 5}}"
485,50,0.49120474452242446,24.338144002296612,47,24.076580132551356,0.9892529245565901,0.5018816576537272,0.010676913131302701,3,"{('buyer', 'random-buyer'): {'profit': 9.688212387552733, 'count': 4}, ('buyer', 'ppobuyer'): {'profit': 2.55672088903961, 'count': 1}, ('seller', 'random-seller'): {'profit': 11.831646855959011, 'count': 5}}"
486,50,0.5029474133012637,26.359325689028378,49,26.34953047265487,0.9996283965497044,0.5420324816226795,0.03908506832141578,1,"{('buyer', 'random-buyer'): {'profit': 10.022910430805549, 'count': 4}, ('buyer', 'ppobuyer'): {'profit': 3.462155229225681, 'count': 1}, ('seller', 'random-seller'): {'profit': 12.864464812623641, 'count': 5}}"
487,50,0.48903209061570774,24.1706521678782,48,23.82545251446451,0.9857182317210106,0.470234691583203,0.018797399032504714,2,"{('buyer', 'random-buyer'): {'profit': 9.326762616150482, 'count': 4}, ('buyer', 'ppobuyer'): {'profit': 3.65366157911463, 'count': 1}, ('seller', 'random-seller'): {'profit': 10.845028319199399, 'count': 5}}"
488,50,0.5001367901619114,25.467006202926356,45,24.65626880912242,0.9681651864634652,0.4742069074066928,0.02592988275521857,5,"{('buyer', 'random-buyer'): {'profit': 10.335002277695416, 'count': 4}, ('buyer', 'ppobuyer'): {'profit': 2.490263497196415, 'count': 1}, ('seller', 'random-seller'): {'profit': 11.831003034230589, 'count': 5}}"
489,50,0.49581268442533627,22.333162034122182,47,21.86443711141467,0.9790121559145382,0.46496203465105274,0.030850649774283534,3,"{('buyer', 'random-buyer'): {'profit': 9.481787536734185, 'count': 4}, ('buyer', 'ppobuyer'): {'profit': 2.5033414304690838, 'count': 1}, ('seller', 'random-seller'): {'profit': 9.879308144211402, 'count': 5}}"
490,50,0.5025606820028065,22.806254619429932,45,22.30578067219573,0.9780554082384129,0.5095034427394476,0.006942760736641129,5,"{('buyer', 'random-buyer'): {'profit': 9.290393548024875, 'count': 4}, ('buyer', 'ppobuyer'): {'profit': 2.112091110513973, 'count': 1}, ('seller', 'random-seller'): {'profit': 10.903296013656881, 'count': 5}}"
491,50,0.4977149330729112,22.401660168504975,49,22.392655248058514,0.9995980244152118,0.45811794415145285,0.039596988921458354,1,"{('buyer', 'random-buyer'): {'profit': 8.04580265778576, 'count': 4}, ('buyer', 'ppobuyer'): {'profit': 3.3266587682671553, 'count': 1}, ('seller', 'random-seller'): {'profit': 11.020193822005599, 'count': 5}}"
492,50,0.5002830916010056,23.371263093379238,48,23.34012107152759,0.9986675079679168,0.4858025865822782,0.014480505018727385,2,"{('buyer', 'random-buyer'): {'profit': 8.192867879500557, 'count': 4}, ('buyer', 'ppobuyer'): {'profit': 3.563541193163817, 'count': 1}, ('seller', 'random-seller'): {'profit': 11.583711998863219, 'count': 5}}"
493,50,0.49758415247769555,23.519724202265763,46,22.823545886608052,0.97040023472764,0.48156805696511723,0.01601609551257832,4,"{('buyer', 'random-buyer'): {'profit': 9.253604460639236, 'count': 4}, ('buyer', 'ppobuyer'): {'profit': 2.303429953553449, 'count': 1}, ('seller', 'random-seller'): {'profit': 11.266511472415365, 'count': 5}}"
494,50,0.5025866831645189,25.90871327991944,49,25.846413192396362,0.9975954001709779,0.5132271978223614,0.010640514657842437,1,"{('buyer', 'random-buyer'): {'profit': 9.554205808366657, 'count': 4}, ('buyer', 'ppobuyer'): {'profit': 3.5789604676448477, 'count': 1}, ('seller', 'random-seller'): {'profit': 12.713246916384858, 'count': 5}}"
495,50,0.5022619562783969,23.544186454590122,44,22.916712541346108,0.9733490934395109,0.4782891045949402,0.023972851683456697,6,"{('buyer', 'random-buyer'): {'profit': 10.716857978327305, 'count': 4}, ('buyer', 'ppobuyer'): {'profit': 1.8386783634703836, 'count': 1}, ('seller', 'random-seller'): {'profit': 10.36117619954842, 'count': 5}}"
496,50,0.5010345978937473,25.693058032723986,48,25.58119240448805,0.9956460757573715,0.5033817557706259,0.0023471578768786694,2,"{('buyer', 'random-buyer'): {'profit': 10.165319877207695, 'count': 4}, ('buyer', 'ppobuyer'): {'profit': 2.7340211766216984, 'count': 1}, ('seller', 'random-seller'): {'profit': 12.681851350658658, 'count': 5}}"
497,50,0.5010499335160157,23.752586905983712,47,23.65919737552746,0.9960682375007867,0.4726942735725734,0.028355659943442302,3,"{('buyer', 'random-buyer'): {'profit': 9.183559785271306, 'count': 4}, ('buyer', 'ppobuyer'): {'profit': 3.3423782005500096, 'count': 1}, ('seller', 'random-seller'): {'profit': 11.133259389706144, 'count': 5}}"
498,50,0.5034581739604862,24.753312337592266,45,24.17003108141116,0.9764362341400552,0.5021928243799972,0.0012653495804889614,5,"{('buyer', 'random-buyer'): {'profit': 10.527016896065618, 'count': 4}, ('buyer', 'ppobuyer'): {'profit': 2.20477273158156, 'count': 1}, ('seller', 'random-seller'): {'profit': 11.438241453763982, 'count': 5}}"
499,50,0.502305471981493,23.293099767656607,45,22.816962114596343,0.979558854003562,0.5038500630046897,0.0015445910231967064,5,"{('buyer', 'random-buyer'): {'profit': 9.168168952080858, 'count': 4}, ('buyer', 'ppobuyer'): {'profit': 1.8976890537771482, 'count': 1}, ('seller', 'random-seller'): {'profit': 11.751104108738337, 'count': 5}}"
